16
-8 4 6 10 3 8 -2 -5 -10 4 -5 -2 -10 -6 -7 6
2 10 -9 -7 -5 4 -8 -8 6 -9 7 8 0 -4 -4 6
-7 9 0 7 10 -7 -6 7 -2 0 -9 -10 -7 8 -3 -7
-5 -1 -1 7 -8 4 10 9 7 -4 1 -10 0 -9 10 8
-7 5 -7 8 7 5 -6 3 -5 1 9 10 -6 6 -2 5
3 3 1 3 -9 1 9 -5 6 9 1 -2 10 10 -8 10
1 2 -10 2 5 10 -2 -5 -8 7 4 -9 -3 -8 10 7
7 -10 4 4 10 7 -7 -9 -6 2 0 8 -6 -8 8 8
-3 10 9 -10 -5 -9 -10 -1 -7 6 -4 -4 6 -4 -3 -5
6 -2 1 2 10 -6 -3 -3 -6 -1 10 4 -7 -2 4 -4
-2 -3 5 -10 10 -2 4 -8 6 1 -7 1 5 3 5 -6
7 -9 4 -5 10 -8 -1 7 -8 -1 -8 -5 3 3 -9 -1
8 5 -3 -9 -2 2 -9 4 10 -9 -9 6 -10 4 3 -4
-9 -7 3 -6 -3 9 0 2 -9 -10 2 5 3 -6 -6 8
0 -6 -4 -1 5 4 -6 -5 8 -2 -2 -2 9 -10 4 -8
10 8 7 -9 2 -10 -9 -8 3 6 5 -7 8 8 -9 5
-2 4 -6 5 -1 6 -9 -8 9 4 -5 -9 -2 -7 8 0
9 8 2 -1 0 6 -3 6 10 6 -6 8 -5 6 -5 4
-7 -5 5 -3 2 10 5 8 7 -5 8 8 8 -4 0 -4
-8 7 10 -10 2 2 -8 3 -1 -5 -4 7 -8 -8 -1 3
5 3 -4 -3 2 -1 10 -2 5 4 -4 7 -8 -5 -9 -6
8 -9 9 3 0 -4 9 1 -8 7 -9 -6 -6 -5 3 -6
2 6 4 4 5 -10 -9 -4 10 -4 -10 7 7 4 10 10
-7 -3 -5 -2 2 8 2 -4 6 -2 9 -1 9 5 8 7
-6 1 -1 -4 1 7 5 7 -10 2 -3 -5 0 -1 0 -3
0 5 5 4 8 1 9 4 5 -9 2 -7 10 8 8 -5
-4 2 -5 3 10 -8 -8 5 7 -4 -4 10 8 -4 5 -7
-6 -1 -5 8 10 -2 2 -3 -3 0 -3 6 -9 5 -6 -1
10 5 -3 8 -4 10 -1 9 10 -9 7 -10 -7 -9 3 -8
-3 3 -1 -9 -4 4 -1 10 -9 9 6 -7 0 -6 -2 -9
0 7 -2 -2 6 -10 -4 -1 0 -1 2 -6 8 10 -9 3
-2 0 -3 -2 -1 6 1 -4 -4 5 -1 7 6 0 -8 -1
