tiempo: 0.016638 segundos
instrucciones: 1943658
339 102 -168 -217 -55 -65 -323 192 576 -244 -65 696 50 -495 -249 761 253 189 -204 -358 227 -299 421 -1157 145 204 -595 294 682 -174 -448 368 -373 -261 -371 -529 173 209 552 649 529 -109 1039 -887 -842 -553 418 263 390 422 -340 -419 -647 143 202 440 -102 -447 90 -110 851 480 93 205 448 -96 233 -235 429 -790 -461 894 814 272 -20 671 -423 -387 -204 -580 -292 -604 564 500 -36 -293 -251 -198 -353 -80 -83 39 -463 506 251 252 -189 307 -100 226 -125 581 434 209 11 513 583 -480 -598 717 -316 -527 -518 -197 21 71 -367 713 -406 -107 1119 -573 -189 320 151 356 763 -547
727 -561 -351 12 204 -470 -1025 161 367 -132 -181 -76 382 176 -116 462 34 -155 171 -308 -110 789 802 -556 -601 470 -11 189 -283 16 361 56 -113 213 -312 -2 464 -57 -272 -427 -267 -312 -591 71 -144 403 -254 798 433 -614 -303 221 799 68 -641 738 -666 345 237 260 -443 -703 301 -513 -364 -801 505 560 326 -98 331 57 536 451 -138 -191 -262 516 363 149 332 242 -320 63 283 -536 365 -328 358 809 219 231 -34 -147 105 -758 219 -157 -318 330 -540 -147 16 428 600 -360 -385 -246 800 -298 -597 1116 296 -29 -815 -42 38 194 -227 163 -102 -168 -87 -308 -104 -98 78 -773
47 8 798 369 900 -145 608 423 250 -495 -461 304 33 -257 386 -118 -249 44 234 -258 -307 487 -31 27 -227 181 1022 350 -263 435 -438 -219 -833 233 -230 544 -247 -500 68 1002 -295 -439 -384 -134 -37 805 -48 -190 -128 -527 -291 665 86 -1137 178 25 193 -544 140 -200 232 -22 297 7 -141 242 -290 577 71 -71 77 282 -299 48 -423 350 -349 -198 -283 294 -1027 -1133 561 190 46 -8 -450 -627 -170 325 137 -1 -135 416 -56 -23 -192 -644 572 -270 113 28 16 355 -115 82 128 464 375 329 311 -89 -28 -678 357 142 -968 266 -177 18 -216 -506 -21 528 -374 256 -618 808
287 -413 -95 -676 -470 236 -152 -150 -674 48 369 -189 -187 -259 -126 -770 -309 -153 -7 754 -1190 -143 -187 -43 -29 87 55 393 -151 275 15 -3 740 -168 462 -1015 124 -468 -128 -1104 148 703 604 -553 -501 -638 -168 421 -26 213 -287 16 -690 702 357 433 -104 -218 -10 -439 467 239 -520 306 90 -281 669 -84 353 -276 -288 235 -219 -849 1319 318 518 567 -913 -1035 -685 383 -760 122 -188 592 -400 -242 226 75 629 -406 -739 540 -262 -339 -169 212 -105 -395 -274 259 408 -377 372 436 -149 -873 176 311 -413 -415 -571 221 -129 -494 -575 -386 454 375 -39 -333 193 -849 214 118 11 27
-36 -129 -543 121 -348 664 382 -142 -75 234 197 7 236 428 392 -119 89 414 19 -257 -137 -97 -301 714 85 183 767 125 317 720 -15 -319 613 883 -160 82 146 766 -347 411 -462 -494 -559 -49 -131 503 -523 -92 -124 -741 -701 621 -143 -166 44 33 303 86 96 792 -198 -119 14 -249 -583 -201 -113 -225 -175 -7 19 -533 -103 -378 93 -177 450 458 37 -1042 415 -662 0 -28 139 -139 278 4 -10 16 981 528 -262 -551 194 -999 -147 100 567 18 213 -37 144 -373 -283 464 690 -140 737 43 505 -476 -68 325 -458 -266 236 627 248 495 -36 -240 205 -742 -49 -325 -16 299
61 217 316 268 -351 419 -770 680 509 60 216 -421 -129 -149 -12 345 -1 235 -457 -283 -140 592 56 -202 -995 210 -130 80 4 16 225 -174 71 -25 501 280 256 41 79 -213 -72 544 -580 1077 171 -104 -251 3 123 171 -266 -926 506 58 424 593 241 205 -57 256 349 273 265 -598 -634 307 -426 -732 -374 -320 165 -783 541 -254 -468 -3 -304 64 11 55 -131 88 -584 -5 464 -681 -360 -120 560 381 62 -357 -336 517 458 370 -256 39 -488 31 -611 -1261 -394 -648 1472 -464 271 494 -19 -82 -617 -463 295 155 -191 246 -285 -298 604 -619 70 -485 424 485 208 -230 97 149
-87 439 319 197 632 90 436 146 -495 39 -288 141 133 -416 250 -22 396 -786 -24 198 -93 252 526 -602 711 -67 -108 -245 -363 115 17 -300 -34 -406 -1 363 35 -722 -460 -179 -407 107 -405 268 -342 865 -401 253 325 431 -117 -149 -139 128 -107 41 419 -300 -84 -82 269 -351 -1068 151 617 213 424 -406 -62 108 -297 -367 97 80 -153 500 -23 157 84 -347 356 -558 -13 290 -61 679 -119 -173 83 17 97 454 -752 677 477 36 562 51 466 -59 195 439 383 -225 -153 1292 55 -750 -217 288 673 -243 -255 27 -621 255 -570 404 -574 238 342 106 123 -369 -295 -616 97 -477
-692 -406 452 -2 959 -173 233 45 110 -867 792 -70 -262 -465 -701 196 -112 -269 -170 703 -432 1023 -94 -225 -6 -424 351 -202 -629 644 -164 -339 -457 104 376 665 -285 -391 230 -146 101 670 130 519 -62 273 342 662 -399 -153 175 -702 346 80 -160 642 -958 874 648 402 171 503 144 119 -242 -9 -62 -533 -485 150 959 -66 1224 492 -57 -160 -361 -769 426 160 -111 264 -241 101 10 458 -776 577 -312 -94 142 -464 -448 214 51 -327 452 -499 -109 -183 383 -357 -148 359 213 -29 23 386 398 111 136 -343 -337 514 1000 166 -264 -189 94 -1075 150 1145 -693 -275 640 502 -780 863
-351 -372 -107 231 -763 -416 4 434 303 288 -231 -346 -314 428 -210 539 374 393 -73 184 242 202 797 46 195 523 -436 81 860 17 39 -217 513 166 -1011 -476 468 303 823 -316 670 40 689 150 -422 -17 61 808 -726 311 -18 -130 -614 960 -627 -51 -351 26 728 570 -509 53 -831 328 82 499 -468 -259 496 320 -89 885 964 -189 916 252 131 -402 142 61 337 701 235 376 365 -8 645 -242 85 -527 -472 182 331 -520 -175 -97 275 75 271 142 -421 -43 843 -336 -234 165 32 -7 524 -47 -379 355 445 836 8 -113 41 997 539 217 260 -782 -361 -410 -127 48 -75 234
-567 -195 -583 -342 502 565 364 -598 27 206 456 73 -395 -175 502 -120 184 -146 -495 221 -68 -17 -364 -275 639 -85 -12 -577 128 487 -111 30 402 -25 531 -182 -287 112 87 -386 -171 421 910 267 532 -608 -182 -315 -116 259 121 -85 -67 124 135 40 -346 -506 -117 -98 122 -191 493 -221 508 -387 -295 -320 51 -278 -658 -244 -547 -180 -16 -371 -583 -553 232 -1057 404 -189 -498 -762 -536 31 -412 915 -188 -296 284 0 227 -387 106 -443 241 494 143 -219 -104 -224 398 -420 -397 -238 -303 110 451 434 470 404 -349 753 217 -999 -321 570 -141 508 81 -110 -178 -627 256 -382 294 -292
-25 -496 -116 83 -30 137 210 8 519 16 97 154 -177 857 -397 -1039 522 -6 160 -93 -594 250 -46 -15 -620 -200 508 275 98 9 -471 259 -508 -100 -159 -891 -290 492 870 497 159 516 446 7 239 289 -1 -188 846 39 -72 -608 130 -504 -392 617 -269 -484 564 85 -339 -460 130 -50 67 508 -99 15 -247 909 466 17 549 86 -110 -300 -278 -801 -339 611 -188 -57 -246 258 177 160 101 12 246 -347 -505 9 330 -759 238 212 -63 221 145 -50 1021 379 -576 -301 595 -63 -473 -326 448 -42 383 -332 -7 413 54 293 -349 467 -440 448 162 186 -225 670 95 -457 -488 -161
-949 -92 -80 183 328 -146 36 -454 -157 371 -427 45 284 17 520 677 -391 -445 -312 265 -10 -327 -431 -107 111 -1 511 -565 357 -530 343 -224 279 -88 -63 -390 344 -294 823 -392 16 450 259 -60 -47 -225 -187 -868 -345 -378 370 -473 354 905 -514 -628 137 448 -483 -909 -139 -966 -88 -595 409 151 -541 -40 116 20 -134 -73 -347 64 510 -42 -186 -471 -21 -256 -184 -6 -19 -149 -650 -174 -287 186 303 -164 80 -307 574 -112 638 -15 -46 800 520 -332 -61 217 536 -36 -208 614 -904 -614 300 -278 322 530 -242 322 204 285 58 151 73 536 306 -51 -512 359 -81 -83 455 74
-307 106 280 -579 131 222 217 80 110 68 15 -37 284 560 330 117 -397 265 294 -253 784 156 -353 -450 -306 -168 564 104 375 143 528 -250 -727 -1054 -219 37 -36 -187 -135 818 347 -515 -671 -263 -330 -8 223 -742 -295 524 404 -603 -356 -136 248 25 -142 175 107 -405 -480 182 39 620 -261 48 -219 -143 -600 -74 -501 -125 456 63 -259 124 594 129 404 265 133 -269 1085 -404 -71 -321 -173 156 -596 21 -172 114 27 254 -88 293 169 33 25 61 941 -156 -184 -4 -69 422 119 741 -500 -172 571 -831 -690 51 306 650 -179 -315 74 -191 -544 1016 231 468 -552 -6 -83 -167
-473 -331 103 -499 -9 392 -944 -365 125 58 353 680 711 367 58 -143 -39 719 193 303 200 476 -619 -46 -340 327 175 414 642 -299 367 377 -423 1 162 -339 328 -863 244 -107 47 296 -307 -140 315 -107 -77 194 -256 -64 -198 -280 429 209 434 -506 85 -591 750 -38 -562 -190 -19 -39 -265 -616 -162 -994 -162 6 -49 912 269 252 436 314 -97 -312 397 269 15 283 193 -444 69 240 57 1007 594 262 -532 696 124 -528 -38 85 246 -349 630 -364 511 597 944 -69 -127 -150 399 636 223 -34 -644 589 296 239 -513 442 -25 -523 494 514 -433 81 -473 -208 647 275 -264 417
196 223 79 -581 960 -266 -278 -581 -402 -245 164 434 -48 33 570 -577 -128 -31 -112 -208 289 -547 -20 308 1 -60 -272 -188 -545 -187 -150 -74 -156 385 -124 -302 -54 -67 -21 85 804 777 155 118 42 11 175 -741 393 -525 -108 361 -68 -822 25 -42 277 -488 1 -445 282 -208 814 -970 -658 -208 -645 596 156 468 -958 820 -269 96 -567 -496 307 -809 -183 -394 -145 8 144 -943 -356 206 370 -77 62 -330 134 -111 502 -485 923 317 -326 -285 360 -275 394 44 -357 -94 -519 -538 -198 114 136 527 -355 132 -52 -290 -761 -488 -59 137 -428 193 15 -420 -183 348 404 -381 43 -79
-430 -407 -697 -618 168 -695 85 19 5 -236 578 -689 373 -447 132 -251 -223 65 -17 263 -409 -266 916 315 -12 -129 166 308 -694 -872 355 369 484 270 129 285 -391 -282 -733 -44 197 176 26 213 464 51 -564 177 -475 -196 351 132 790 -325 338 47 -442 -660 -162 -272 205 -301 1153 -378 -858 -669 788 760 1053 -434 446 -469 -942 245 586 -943 -463 201 -144 -205 -164 566 -846 -183 207 -798 -268 -443 129 -140 452 291 -414 50 352 -664 -221 -330 -21 -182 -664 173 -244 -79 -88 -476 -280 -348 417 39 -62 -3 416 307 -809 -643 827 54 -203 355 -833 -1231 -141 -991 -444 477 -231 357
20 -384 -137 -143 -264 -8 -199 510 -807 -168 -107 31 -307 -182 451 -726 -169 -24 538 516 -322 298 -692 190 -205 873 -287 -177 27 -77 546 193 -456 -549 -233 516 13 -413 -288 -885 -25 48 623 534 339 -242 -51 346 115 -477 273 69 365 401 -641 399 -147 485 -245 37 -164 264 -95 468 -140 -281 -104 -368 206 -192 -469 72 -180 -189 539 863 -650 -257 50 -307 -5 -230 -331 112 -66 844 253 -464 503 33 -464 33 302 130 -210 173 422 184 292 127 -750 -285 270 -694 -147 -131 -986 479 368 246 -316 501 219 435 -97 -735 0 -21 154 685 -167 -49 175 -33 145 -1 285 318
-570 -76 587 647 358 587 317 75 -286 -61 152 396 48 238 1325 45 -472 423 -262 135 -106 60 452 515 530 -124 262 458 -1317 334 -819 248 -317 78 -183 -581 359 -563 -526 556 -492 364 -138 6 82 922 -167 63 220 -159 867 147 -21 331 -104 -482 -511 -145 216 -167 -280 -153 522 -276 -182 895 452 98 -282 -653 401 25 108 -507 -158 138 422 -200 -99 822 83 -332 -124 -505 -527 -550 -790 21 -28 372 -285 -465 491 463 -527 433 500 190 413 524 -242 -52 340 264 -89 -181 -171 349 385 374 310 -612 458 -309 155 68 -286 147 -638 589 353 -16 369 244 -210 232 -378 -536
-17 515 -197 616 400 27 -272 -340 52 -367 160 105 -675 420 261 732 402 -301 -215 18 -745 -241 1205 -390 69 -24 715 138 -67 -705 -8 212 403 403 -546 -364 95 -34 33 581 -388 -569 -681 -265 -54 803 -811 -470 -248 154 603 -238 241 389 650 -433 -246 -430 567 280 349 -307 -1088 -446 -557 380 3 -985 212 -542 756 -205 364 -112 -121 -683 -300 16 -7 404 484 380 30 535 293 -361 31 258 -308 -238 229 -154 326 206 -224 830 -132 -231 329 352 439 250 -285 -193 513 428 230 -374 -802 -165 347 213 -256 -142 -442 357 141 -69 67 76 -48 249 74 5 -485 -142 -51 -721
238 646 550 174 590 267 212 -417 -174 383 85 -835 -131 222 359 594 -272 212 84 -368 -31 240 -736 -92 32 -424 417 273 -144 30 -331 246 160 369 534 514 -132 91 695 310 828 -225 -674 -102 -419 453 103 245 -216 -703 -414 168 -535 644 -627 -389 353 720 -824 -712 44 -160 -380 -130 -444 83 -230 387 -271 -447 19 -411 391 265 -364 -528 -287 74 -39 537 194 106 156 -212 313 599 -73 -540 62 698 159 352 -307 174 516 -151 252 -268 284 117 -192 -528 -186 427 322 -277 -29 260 -230 -631 -39 -12 558 169 -135 184 263 241 -322 392 199 -327 -13 -636 268 144 302 178
906 -443 472 -52 -248 -573 -60 -110 -9 -131 -270 562 -118 126 -651 90 312 -43 4 876 247 511 -292 419 -298 453 -654 -388 55 229 351 401 -294 -199 227 -116 753 363 337 -513 410 75 651 -536 100 -683 138 518 131 264 -482 -85 143 87 -555 -122 -1130 -70 -458 438 -264 661 474 310 263 -337 345 557 436 -33 184 904 476 -789 563 56 -302 -236 29 230 418 486 -374 -17 -168 433 662 -298 113 -781 240 -526 287 185 -413 -42 20 609 228 52 -250 381 -236 548 -297 -538 559 -135 -231 -518 -1169 231 -80 -943 -232 -813 807 -122 130 104 85 433 -130 170 -192 -303 134 -549
96 -95 912 640 -115 -494 -750 -193 -442 -232 110 -81 162 -406 -409 219 -694 598 19 361 258 -138 658 311 402 434 -112 319 -490 -253 34 -283 144 -95 -133 -138 37 571 -32 473 -110 -272 -335 -290 -564 264 382 119 582 -701 -164 169 25 5 187 236 170 469 -747 216 -374 194 73 502 -211 89 1303 -321 767 131 612 -313 203 443 487 36 181 -132 -401 409 -308 -375 -526 -14 -278 -239 -145 61 158 409 -348 -411 -730 -4 -776 -795 64 -216 -778 -380 -612 183 289 77 -187 -155 -527 639 324 25 -57 -195 426 487 732 -117 -2 640 -87 715 -286 -121 -50 -33 -262 448 448 -238
47 -105 -448 599 -562 61 -353 365 73 67 -309 -188 210 363 -97 -713 73 -356 368 -171 397 -67 279 -665 -801 -233 -276 647 892 -23 -263 -113 -575 -85 386 -149 496 49 497 -100 286 49 412 -104 -502 -222 42 -145 -273 -346 -191 -208 862 -600 618 218 -312 913 -550 -193 -333 412 580 -440 -258 -26 85 -193 380 -197 -334 -629 -108 555 -365 -9 -542 406 -120 192 -322 457 -3 458 340 -628 785 -516 379 388 -99 839 -65 158 526 -605 -103 417 563 669 -50 -298 -564 841 309 116 -462 -67 -241 28 -97 909 -387 -111 382 294 384 288 52 -6 -483 -5 -272 173 -292 -57 132 -456
-83 -705 433 -692 -179 367 -115 301 -879 -430 -5 -64 -147 31 -196 532 115 259 -181 511 173 -150 492 427 -612 -104 -161 865 177 364 240 -498 145 -499 -1127 -344 -382 449 -885 -606 -496 469 342 121 -526 333 103 458 113 -315 -152 751 100 193 -320 1017 980 449 146 -53 -1220 146 -574 281 258 228 -612 -45 245 573 -431 -300 910 60 -301 -3 32 -272 547 539 420 314 -302 323 -885 1099 -232 106 -606 395 153 592 246 -17 -816 650 0 -108 528 286 -532 -705 136 39 -38 -744 487 291 -764 -596 177 259 430 -703 -77 -760 143 -630 361 726 -43 -376 -83 198 -539 152 122 131
408 209 581 121 780 -705 238 478 -736 -127 -410 -258 -331 397 -220 31 748 -237 -272 359 -165 311 158 423 93 -301 -186 329 7 131 460 -794 81 -439 -338 -68 42 483 -185 -230 -410 -220 -503 20 -429 233 -42 -278 52 -411 -162 484 -148 243 351 633 160 -38 -68 820 -358 -137 -499 -442 -634 457 -343 -533 508 61 663 717 272 -138 187 -973 311 -23 -728 -268 -77 1002 -297 393 -462 197 366 -229 -325 -311 -49 -197 -377 -156 104 -397 81 -236 677 111 175 619 537 440 -180 194 161 -302 108 -632 55 -93 494 249 -196 -665 660 640 -86 393 -85 217 402 279 -544 -286 40 138
-139 8 53 642 -87 80 -37 838 -93 -115 -474 1194 442 170 -92 -1009 -425 198 -468 234 208 -18 616 909 -608 256 200 403 252 127 -503 431 -379 79 -28 -70 -396 -95 -441 150 -297 189 -110 52 -750 106 -159 369 127 -169 200 234 -58 -253 64 251 452 -504 212 -267 -481 807 -431 490 -367 1153 32 -190 -173 -294 -324 -536 514 -176 -173 127 352 -722 -229 -47 46 -292 390 -945 -111 725 -331 362 124 -433 -972 -372 -273 77 -88 -412 -183 -26 495 -276 -180 -29 -93 388 -166 662 -3 -155 87 -326 1008 -164 -25 -92 637 -172 672 -111 73 419 -304 -194 -179 -410 -502 -110 -775 -267
736 -551 -535 309 141 -617 271 -136 291 -581 82 -57 -97 29 33 411 56 -713 -371 33 302 441 129 475 428 -148 873 817 -163 -274 217 40 -69 -317 -349 -701 -45 349 244 125 385 -95 211 -171 -92 -339 186 143 -124 495 -1003 59 -756 -484 376 -489 197 555 -49 194 601 16 416 345 -199 371 334 741 681 60 335 -508 -162 -178 860 -58 232 -631 6 323 -203 -463 394 -317 -910 -306 19 -302 -390 241 536 -1015 172 303 -571 257 230 -47 -428 194 -396 -135 166 306 379 -308 -33 266 207 -42 360 217 177 34 589 262 38 -38 117 -599 248 -251 -198 572 -74 -530 40 468
317 1063 -134 -5 545 482 269 -146 -232 444 -26 173 -147 215 549 -132 -84 65 -341 149 -311 -152 -269 -346 111 -1029 105 -195 -452 -223 -516 67 329 -574 763 208 424 -126 -241 -471 -407 69 194 69 106 -361 -84 -1070 885 -170 -443 -474 -3 -85 364 -251 350 -95 670 -56 261 -100 221 -4 -222 320 173 299 -817 185 51 477 -711 -264 -549 -316 360 -281 -365 -199 -404 52 52 -234 175 -455 -507 -113 -10 378 639 -367 201 373 253 472 -691 -308 51 -34 312 -1 -598 -47 924 324 -365 -316 57 -2 282 -1074 -562 271 81 377 -1030 469 15 -32 484 656 1141 514 315 -380 -659 -130
129 397 514 857 17 227 301 667 -316 502 557 235 -617 -210 542 -633 251 -455 622 -358 -565 -280 8 -141 570 48 -79 -89 -579 -29 23 649 676 537 936 -500 -124 132 441 -208 522 4 192 299 -458 -217 442 468 -219 -530 -527 348 -375 -503 183 -910 -12 688 -119 413 717 283 -388 -478 -273 33 442 225 -231 475 -94 35 -522 -167 32 358 274 -100 -277 152 -422 176 203 -54 -92 -102 -428 127 -405 -335 -338 75 -520 -65 -52 -843 101 -435 -583 -35 -420 -276 846 211 165 -11 -328 106 320 290 -24 -18 -295 200 444 425 172 83 947 -184 139 -185 -275 60 -68 -460 -306 -353
872 -356 408 -163 -191 -3 33 77 178 452 -226 181 415 -68 292 177 317 725 -358 -182 -140 605 396 362 290 -138 -177 327 155 -341 400 -328 192 182 -82 140 -49 -295 -571 -197 275 -493 -639 88 271 477 -179 80 106 338 -506 167 -52 3 53 698 83 41 750 485 -1026 -409 -182 253 -115 -91 -159 22 56 226 -163 669 181 45 149 154 -384 401 209 214 175 -508 -982 -543 349 405 226 512 252 583 -366 75 273 629 -199 650 446 526 295 584 -398 63 1158 -445 -1172 -87 84 963 133 292 -418 -549 760 553 -556 -500 134 -197 -1034 579 -454 -382 1049 -447 622 -615 -400 282
-58 399 -707 557 375 -235 80 -147 1042 -138 342 486 -677 -577 141 -280 547 -728 639 105 -1 301 -643 332 -677 755 342 -701 -556 -923 274 599 -768 203 286 186 -9 402 -600 -34 -94 113 39 -136 729 -39 -965 48 -435 -134 818 33 63 -402 -331 23 360 184 -403 40 687 -126 -722 -155 275 -148 -116 -124 502 -29 388 -293 352 -172 -459 151 -246 -92 848 619 -203 37 -262 79 -36 -40 320 -544 31 33 -435 480 -560 267 826 81 -684 467 -209 82 162 105 -369 -342 730 882 -636 -375 -161 63 -97 -134 585 -492 -197 -210 244 -100 -122 -897 -137 75 -937 131 -414 217 -110 -457
367 -882 -6 364 -530 -21 58 564 333 222 294 -196 522 497 136 398 284 -700 -828 -370 -129 384 -181 -458 -353 220 -846 1039 -83 435 269 681 537 -377 284 426 615 -169 -8 -244 80 -410 -52 323 11 -148 712 1121 -363 93 -676 -2 568 -27 -231 -383 138 584 -753 497 -129 542 163 -43 -631 -238 -488 -551 591 232 -410 139 -302 -52 -356 479 -637 123 -632 705 166 -99 361 590 -250 -427 -356 -770 -726 -425 -190 47 -187 -137 -987 -274 162 346 -674 -274 644 -563 808 -202 358 -416 796 499 797 -968 179 589 -265 -577 -65 793 -47 -311 755 -475 -98 -912 221 1035 -19 -431 -108 120
-127 -411 229 -264 -59 -133 172 632 141 -205 127 -586 129 -55 -728 234 174 -59 440 -89 201 -62 208 416 -367 217 99 -581 262 -221 162 250 679 -177 600 11 -482 294 83 -345 163 -280 151 688 -727 -993 378 -371 1093 144 -256 163 912 251 -397 -36 -181 -307 235 673 42 631 -289 -148 -307 -226 302 -561 -537 313 -230 -77 156 -43 -450 -240 149 -329 -161 166 -254 162 -488 721 271 -111 9 -212 537 -21 -218 353 313 -476 -704 204 -329 -173 173 87 -78 68 -483 -524 589 -509 652 229 -868 -29 -189 828 237 -94 727 951 -84 -242 16 -203 678 652 14 871 150 -783 23 733
545 519 302 1142 360 -151 580 -646 599 486 280 -123 492 450 379 155 266 -85 -412 -273 552 634 -167 22 -115 -188 336 -174 305 -164 629 431 619 -179 1119 -381 -248 -147 -57 390 148 -275 -1081 -353 -973 134 100 -598 94 1289 -597 -226 -190 39 792 -772 -197 -332 418 269 295 -332 56 600 -49 -84 493 -224 -419 427 -455 64 290 -261 638 -362 667 377 21 -34 -141 -202 -81 -146 -539 204 86 457 972 135 506 116 -943 543 77 -245 340 -137 561 -228 -185 179 305 275 -323 352 151 -856 -594 551 1205 -405 113 634 451 632 -492 162 107 389 613 65 -87 -932 268 -594 -682 230
22 -256 -123 -138 844 -349 99 -302 385 -241 335 -514 275 -25 -12 -86 -520 502 355 -334 132 -461 -874 337 -141 185 16 2 348 -909 177 38 258 282 -135 -385 59 -301 -282 831 366 8 -221 93 -292 -190 531 -543 -604 -284 -235 -543 407 -530 -6 -58 -249 -104 -370 -495 -209 66 280 -132 -409 -358 -233 128 -463 444 134 429 -454 -150 -341 103 -614 -721 194 -382 -222 -1064 540 -297 178 -241 -61 631 56 -770 -392 80 82 -1025 222 -473 85 -667 -166 380 345 252 -67 -299 -309 94 -1 555 192 -36 452 -130 -359 350 18 -245 154 404 -108 337 355 892 -71 640 -53 384 802 4
963 -65 -16 -189 -529 48 -186 634 -939 176 -95 287 703 232 -190 -614 -149 166 -211 39 98 145 -371 -238 -461 -588 -15 182 -134 298 78 536 -439 -465 24 281 482 -319 -981 -351 -406 441 -6 1061 -428 -794 110 -217 595 -513 -458 -379 768 253 116 -260 579 408 210 -348 -120 848 521 99 -488 150 37 -589 511 327 135 11 368 -55 315 155 393 62 285 170 -345 1123 -411 -558 115 237 -100 269 -246 110 47 966 460 263 128 248 -511 -242 18 -7 -108 -818 -594 594 860 -218 316 -254 54 -1014 337 -262 -188 63 62 -562 346 -77 99 196 -10 -22 538 592 -274 -27 -160 422
697 -842 475 35 523 48 109 -632 -192 -824 -28 -590 375 316 -215 598 90 75 187 518 151 -105 -655 -135 144 -531 -312 848 556 365 -390 -276 -153 -407 -163 38 -127 144 526 -340 -822 442 129 -347 -77 -450 364 247 192 -173 16 -206 -79 -36 268 -361 -191 102 -164 210 366 643 466 958 716 416 521 -204 -110 -1061 1359 -138 -209 -363 185 -440 -308 194 62 272 -309 1216 237 -24 -467 -90 642 -129 -310 86 175 -337 -250 810 545 101 611 616 -94 -243 -359 533 -359 387 -569 300 75 -2 -424 -241 375 229 -424 193 -22 433 242 -961 -541 -468 -87 -75 450 234 -18 345 105 106
1085 318 422 -11 -100 61 -216 500 -393 417 -2 63 128 -294 37 -120 -386 -314 1119 -792 188 -70 -700 -950 -100 96 -431 1086 532 223 20 43 336 -678 -230 371 -314 -266 63 -400 -134 259 54 224 219 -508 237 -85 -182 -236 -552 478 -255 -713 -338 333 237 597 -230 -211 -60 429 -322 834 -235 -404 -81 45 -244 -654 771 -391 313 613 78 164 371 546 521 -141 -559 296 315 53 307 -101 315 127 -728 695 356 -25 -827 549 89 662 -216 -90 -321 1087 -220 551 -311 119 30 -286 175 785 -454 -186 -3 -68 506 -86 -177 -478 610 257 -207 -326 -403 -391 644 307 157 103 135 39
114 220 -65 -366 169 345 -517 289 -558 -168 -351 -32 -65 450 651 345 1057 603 116 258 418 -700 -336 -336 607 -396 181 135 948 157 -306 -668 763 -217 88 -197 -399 -287 -184 -7 138 332 -177 339 -171 -343 515 -449 -582 19 -383 199 -130 -33 965 -1087 236 -333 -109 -612 -337 -423 79 -227 56 -141 -219 -135 217 -86 -494 588 -993 -158 -110 -126 240 538 80 121 -86 -206 382 -249 -99 -446 -377 469 -739 -613 560 373 -690 -225 -166 -394 711 385 -203 42 -421 658 -192 -271 -796 324 978 -317 -615 147 218 500 -410 -42 -412 275 -276 -605 321 613 1 -115 475 -161 -140 -395 404 -612
98 47 270 -64 -459 502 63 -112 -165 -524 651 -112 158 81 103 48 -466 800 79 48 -669 70 475 449 144 -589 -244 108 81 489 373 -390 328 32 -123 -507 -284 -136 290 227 -109 17 -574 -218 470 342 -56 340 -101 -2 -289 497 -447 -413 694 -15 889 -763 557 -107 27 354 -470 280 278 -54 226 212 -67 -273 311 -90 -177 -622 -291 392 344 252 -557 -34 140 -36 242 -92 -610 -480 -366 185 220 -197 59 45 -536 -457 37 -161 619 -483 186 -23 -506 -357 294 -500 -800 -185 7 -548 -84 -288 507 -378 -701 260 -893 106 -217 41 -71 -19 -170 666 -350 63 265 -450 349 142
-28 247 -613 -260 -242 -496 -379 -29 311 -544 207 -489 -389 1028 162 -460 452 324 -55 26 -893 188 776 -40 8 333 -729 -187 -370 8 -313 390 -110 -394 119 -919 211 -567 -76 -241 652 -754 -357 -187 332 545 72 -325 -438 524 585 -557 -85 375 498 331 -356 -402 -197 -313 584 -121 -545 -568 -350 256 124 135 239 -347 269 -144 -75 -476 636 -29 332 656 -302 -274 193 703 78 59 197 239 -125 -464 159 -37 -413 -26 -151 -155 -42 -144 210 -306 250 590 97 495 305 -453 -543 311 -570 -674 495 283 303 -134 -379 -349 -769 -594 -74 553 -170 245 -48 141 -496 -654 65 -127 399 -554
29 -47 920 -146 -588 -108 -341 107 -660 -284 -125 686 -76 -782 -354 180 -838 321 213 536 -55 -452 -167 39 -796 655 -49 -175 -512 -210 -400 126 -336 136 -126 -196 296 52 -309 156 -397 307 240 140 -619 -751 -426 -426 -134 -260 180 -74 440 -500 -127 164 552 318 -398 -217 463 200 -288 472 -323 -379 1121 -417 -411 197 647 78 -370 -495 -483 -592 338 541 454 197 -843 45 -433 -403 -11 342 -640 -302 -196 -387 412 -103 -36 -514 357 -206 -1005 14 -457 -453 -762 -232 -207 -268 322 98 96 -364 -340 -96 352 -592 -167 -197 479 -108 -543 -410 176 -3 62 -93 44 300 285 26 -362 51
-423 416 -571 -67 -68 -95 431 -5 302 316 407 386 357 -175 439 -437 556 -707 -34 532 -25 936 -421 -38 -1006 278 684 -27 226 654 47 46 -200 -244 -8 233 -592 -741 -125 -255 288 -12 304 541 357 37 -319 -588 -872 72 236 -437 359 -43 -717 179 -361 621 -21 -171 944 317 -514 -216 36 -203 -789 -629 31 -161 468 -661 -28 -7 166 -404 0 534 606 -147 -138 -480 -198 257 193 220 -176 -379 -567 -162 -113 -351 -34 794 737 703 -360 492 160 -300 515 43 -284 158 844 -99 -372 101 -83 -568 -288 143 371 -34 44 145 754 -53 -338 -969 -537 189 -520 -310 322 361 -592 31
432 29 -228 117 551 436 -11 -960 -455 408 91 -301 408 51 152 270 95 653 -516 -703 -63 162 -259 -331 100 -78 15 150 -121 486 -327 353 -266 -319 -744 -574 572 317 -482 105 -463 6 347 590 -287 -371 2 -70 -136 -510 -325 -161 246 132 -538 611 29 228 -198 444 -21 -265 126 16 -140 -543 156 106 -431 -245 72 -152 384 371 -417 -573 16 174 508 220 450 714 -235 -36 -512 -191 -625 -391 -254 -163 95 -202 549 -528 -229 -87 -391 -430 35 -448 -9 -390 258 89 753 209 59 69 249 -362 884 -171 -348 -357 136 -321 9 -141 439 134 782 -44 110 583 185 192 52 39
-306 -484 263 122 -641 68 35 -965 830 -156 167 499 -120 -156 -274 -328 -634 503 67 370 338 -330 259 675 -162 536 85 -17 489 -86 18 -269 -402 689 268 641 323 128 309 315 550 -3 -274 -45 270 63 -591 -530 267 -56 -305 571 -230 303 -65 -365 142 40 233 380 -98 85 -866 525 -421 -202 574 98 -93 323 586 -980 197 407 -301 111 -41 435 11 611 462 14 -263 399 -388 784 270 313 344 -5 0 -208 11 -549 -511 -257 349 456 166 470 -212 -479 -273 -384 -436 560 -353 -142 539 -685 134 -541 -129 144 318 736 -219 516 -348 68 218 168 -761 -447 9 454 -480 361
217 -181 -161 415 160 79 -240 -741 1102 209 -269 342 -638 179 -228 170 726 -250 -572 -101 -400 249 -406 40 461 396 385 18 -69 204 -576 -122 -287 403 -517 -201 1159 -132 596 474 -308 553 37 -912 120 414 879 108 182 98 -347 285 -55 -923 410 260 -127 740 -765 -21 383 83 174 111 346 93 429 412 -157 -86 138 -879 434 221 -711 197 -106 -189 -137 443 165 -703 701 320 -208 476 -80 94 456 97 289 -476 317 265 -107 -833 1207 78 -107 549 -91 188 440 702 468 125 -922 -84 99 575 -556 -84 -652 -453 868 -153 -630 -176 -523 451 -43 -40 -201 -258 402 179 -177 -856
-245 -73 -145 -679 193 76 150 -8 -556 224 299 289 -175 -739 -97 355 34 -197 -768 -43 -168 -214 197 207 34 -552 178 309 173 129 -95 -525 468 460 718 -497 -175 -205 -475 -291 -302 322 416 -289 -116 -135 -169 -293 255 239 -57 62 -269 605 452 732 719 188 349 94 31 -150 -980 -221 -152 -380 141 -627 -77 72 -79 69 244 666 97 -179 -147 267 48 -217 -69 -261 -729 -578 -503 513 -330 4 387 233 -340 95 -628 128 91 -42 1080 79 257 200 -771 104 549 261 -121 250 -574 -495 -710 -450 40 -200 345 -374 1068 170 -536 86 -311 -130 -110 491 -366 -387 763 -182 339 108
396 206 202 351 -718 -179 -226 251 762 -375 -147 593 235 -115 2 131 -95 -592 1030 -553 565 109 372 -734 -180 5 -326 150 218 -323 532 -14 113 186 49 -115 -227 48 1270 329 408 -115 -383 -394 -212 -38 -253 329 -581 344 -68 -198 -19 -70 339 -647 360 -311 81 -351 -614 503 -45 -243 -415 91 -154 -712 330 311 -363 -31 1017 567 366 527 -503 -102 472 423 57 165 -234 -173 780 -523 -83 1006 -506 30 50 236 -535 -137 215 633 -717 652 -330 -264 214 473 117 294 -433 -9 694 346 19 -150 -139 670 130 431 -527 421 558 -173 190 48 -61 -108 -416 -176 485 -918 38 -677
-322 -55 -90 -207 51 490 39 238 218 -87 -431 14 227 -132 -448 -507 -161 -23 -30 -115 146 -519 -188 329 -243 206 -90 78 175 82 -724 -1 -83 508 403 13 561 1 -54 96 151 7 381 -167 748 -363 1 105 -54 -257 -339 940 97 72 62 -584 260 -416 55 -33 -267 427 602 -121 225 334 -225 -266 -187 -305 106 22 -1128 610 -358 -112 174 -102 -255 41 -216 293 591 -540 429 -770 -511 334 32 -497 -837 174 30 138 -185 -722 196 155 -285 -370 -80 635 -314 433 -357 298 356 -29 -67 -156 207 385 182 -1175 30 545 -218 144 260 -233 -406 -264 -92 639 -157 -159 -503 -418
227 83 -492 -373 374 -98 -27 60 51 -256 409 170 -274 -458 37 295 -225 153 459 -494 460 -263 -1148 366 179 167 909 161 -317 224 -491 145 442 -53 319 -229 -616 561 -567 613 -215 -312 -667 -194 -295 463 -648 217 -126 -179 778 1195 626 -483 132 -674 231 -905 -435 -798 -208 500 293 -296 -409 -338 893 102 588 -430 -80 39 41 -168 68 -877 591 -185 159 444 -703 -281 755 -729 -507 -35 219 308 -542 -579 -176 351 -327 -600 36 264 36 -118 -351 -54 247 561 -705 192 -652 115 14 -152 268 35 534 -315 165 83 141 -227 -142 209 -325 547 526 -362 -179 -787 -219 361 -25 -224
-19 -377 345 847 84 184 -942 377 436 87 -464 89 -121 442 483 -77 -225 296 200 -774 153 357 138 329 -128 666 826 88 -148 -83 -230 -452 -298 95 314 33 292 73 93 -662 -433 -429 31 65 -421 -261 81 511 569 -735 378 904 -86 -17 -364 -231 -39 290 51 215 -857 -17 116 -144 -39 998 425 275 112 -118 -823 364 208 21 -88 -859 1045 -181 -675 566 -531 255 263 -347 -1058 -41 132 -802 933 -117 -886 88 56 -530 -88 -230 64 -366 225 -92 -549 625 -71 -120 -463 454 -572 -362 865 142 258 162 -17 -401 150 -249 192 19 276 201 365 -583 -211 320 -104 -48 80 -27
753 -620 -436 345 0 299 430 -373 -322 399 170 126 46 463 6 345 -498 -248 -524 257 -95 642 720 -277 283 165 -199 377 302 166 175 -64 319 237 -143 -175 603 544 422 -623 282 428 37 -844 -712 -367 -409 105 450 -157 -277 -548 2 319 553 330 293 573 734 -395 -278 -192 340 -56 240 -526 -117 -420 466 -307 -355 -279 270 -59 969 -572 296 -548 293 -176 -142 903 -396 306 3 -106 551 -56 -418 497 -166 564 454 41 229 510 -169 694 435 -80 456 589 586 343 489 -182 433 -445 143 511 -864 417 542 216 161 -473 845 558 -144 -245 -350 -582 268 -263 342 56 -257 254
-867 445 -114 48 92 227 289 286 -399 -330 132 39 -95 308 -146 -255 -637 -564 68 -270 -137 -140 167 -262 -749 383 -13 317 -875 8 314 -415 301 -480 -223 -315 174 -604 -444 468 62 -294 -1436 299 -146 503 -255 -10 -232 199 391 279 -26 305 -167 -993 -36 691 -543 -290 118 -539 -131 -263 -838 452 201 -915 -846 -414 417 -911 28 -319 358 -181 631 249 275 185 481 314 -496 -772 -54 -9 214 334 -215 323 -347 -743 491 978 535 660 -111 -45 -223 278 -459 -1027 -188 -295 -464 -70 -472 397 -284 -145 552 -79 -589 -120 200 312 124 256 -497 -626 102 -79 -258 341 -716 -420 181 179
-734 -532 741 -584 -1026 -190 404 1050 -212 453 -116 119 -544 762 -246 -624 -583 196 -68 -254 -277 326 465 -215 222 -467 -103 281 356 834 -455 -751 817 -397 -832 -352 311 636 116 -515 619 -373 643 388 697 588 -182 70 -448 791 121 -151 -570 15 -596 327 328 436 -507 -769 -638 -134 430 660 -350 100 -4 527 -614 -523 -366 -878 -551 44 -977 637 755 704 -1134 307 -704 703 -41 -285 -156 856 -490 -309 252 166 -33 -480 502 946 -575 50 -194 628 -238 -545 -248 -695 424 -1015 195 29 -130 -337 -109 -359 412 -348 -559 -427 305 -419 -888 -34 -170 97 1011 -327 280 -120 -220 301 122 -344
-174 -547 -298 -827 -442 -169 -443 -274 180 696 -45 214 -267 160 86 363 -63 499 -194 -74 181 -501 -349 542 -33 538 -97 510 -383 -435 -327 1030 470 -688 -465 -789 -390 -1101 429 408 349 328 -58 -615 -299 83 425 199 279 260 412 658 369 382 -335 -61 142 -704 -37 -712 -377 446 -537 656 -423 -371 401 1169 269 566 -187 18 508 -641 390 31 721 349 -119 449 400 -636 650 -476 -709 217 -59 309 448 -12 397 -222 -359 -269 179 -253 1085 172 70 139 -497 562 121 37 -283 -23 -581 -171 679 -167 262 -294 -282 -172 196 7 -16 423 -259 1330 18 159 -407 -624 46 -237 486 -626
271 -25 -320 -327 -128 -143 372 -624 610 -202 430 -501 -871 -52 854 1 503 537 111 -493 230 337 -29 262 381 67 236 21 283 -2 450 181 898 864 153 86 -29 94 66 202 530 335 -247 -233 98 322 168 -158 -32 756 -12 138 526 -209 812 253 -383 -352 -60 -141 301 130 -232 -571 137 -1231 5 136 -178 -111 -99 226 54 742 221 701 142 -57 6 143 -132 -375 33 513 -202 -519 182 330 114 -526 433 2 -528 -585 -393 275 84 -85 255 212 730 309 40 -979 -168 633 411 129 299 793 -503 -312 -82 6 129 210 17 280 303 500 423 439 221 -630 177 -168 399 -359
551 -101 -65 650 450 -236 -201 560 -156 62 -429 69 3 206 -416 128 197 -282 -97 -413 -228 -118 194 -189 68 -205 -651 -361 -923 -377 -545 427 -531 -490 -374 -456 1248 -554 579 -6 44 55 172 -29 -675 -471 130 63 838 0 -242 -303 -28 452 -309 60 -325 344 241 -66 468 -113 269 -39 368 675 344 528 551 -466 419 -198 279 229 729 -24 728 -727 -342 229 -562 408 -29 -323 257 88 -642 -570 385 309 -34 319 544 438 347 -387 264 -452 11 -197 -181 -65 547 431 586 -236 -226 10 -85 383 432 561 -272 -519 662 -388 -210 229 -74 -72 416 -456 406 724 479 -129 8 334
-283 -483 -23 129 -42 600 588 -124 547 -235 201 -1000 292 176 -217 -67 -521 412 -494 -391 127 142 -319 292 -600 489 -609 313 899 23 108 -381 -234 512 -494 -471 83 147 -616 487 -392 -4 -245 -533 -285 -175 -342 746 -576 795 -309 -520 -6 -149 251 -130 -69 -254 101 -800 -217 -270 650 -144 -438 -738 -271 109 -88 169 -506 121 105 -457 18 -343 297 219 76 -292 -22 211 321 74 -30 -116 853 -164 354 -189 -301 109 187 672 374 159 473 -128 -191 469 539 391 46 25 261 -322 1114 -101 -410 -85 -604 -107 594 -152 -500 -175 429 148 26 -305 -625 -758 19 -201 116 528 -283 203
-879 38 244 153 563 226 80 -173 73 -69 417 668 -101 -85 389 -227 -682 -284 -19 555 52 -557 1242 -140 78 326 -42 -61 -44 -650 -316 -437 -512 207 -234 14 58 -102 171 464 -163 -363 52 -496 -634 643 1014 -97 297 -154 163 776 -26 536 298 -488 -117 446 39 -223 -63 -254 -2 210 259 182 259 566 38 254 -654 -76 56 362 221 422 -412 -685 -65 -61 553 -49 6 244 297 188 966 99 167 329 -125 30 288 250 -183 296 818 -599 143 57 -283 -65 407 739 -84 126 -1073 -318 -204 619 -31 229 149 -197 237 505 -618 -144 205 432 -245 -23 -443 -637 12 416 -397 -222
-134 -461 -585 -222 4 769 530 -306 -199 -277 128 -797 721 840 529 -320 207 128 -469 -174 -265 171 -397 -251 635 -329 -137 559 -254 629 9 234 217 130 157 -556 78 204 42 -518 656 605 817 6 9 394 353 677 -497 11 -839 412 62 191 497 -637 291 -198 164 -397 -288 588 366 -532 -291 379 -826 -1 -221 515 -730 -3 -451 -228 -264 232 -105 -502 -499 202 311 -136 220 -176 -454 -532 -154 -60 -268 -32 42 -355 -131 461 -36 289 -19 39 680 -635 253 311 -108 -319 771 152 941 -328 778 204 266 211 -514 73 -393 175 234 136 30 -226 169 -60 -425 511 -234 -691 159 44
-123 -181 186 29 -62 -383 -612 -370 -882 -746 300 442 727 -866 416 341 -646 335 13 959 344 -302 343 -164 -207 177 -704 -139 28 -239 -326 290 -224 109 1 -312 -781 -193 -97 19 -528 -277 82 307 -149 548 -406 -304 208 124 459 -40 93 916 -183 260 250 258 16 -16 -285 -654 4 -181 299 -420 795 -479 -252 -234 173 -256 -191 -56 429 -340 -87 430 -994 -164 165 546 -256 558 -554 726 43 -300 506 514 169 -140 372 -583 181 -79 -236 157 -209 611 -364 385 440 -63 38 -66 -48 -426 -508 -384 35 -561 981 184 -46 -26 -110 -45 -1039 -144 -554 -367 -30 -205 532 73 450 -163
-393 -24 113 83 247 -1171 204 95 -421 45 -253 487 379 172 246 -349 -424 2 -315 275 316 -181 -24 599 400 413 -338 733 94 -483 450 671 -808 -93 -505 160 465 -1022 -3 409 -378 -64 -307 26 -520 520 -6 -242 112 145 -396 -382 -84 226 -772 533 -398 -218 420 -138 134 -497 -331 271 169 -132 455 -402 -68 67 224 393 -488 -58 311 -58 46 -821 520 183 436 390 313 -121 331 -289 750 -1246 449 118 24 -954 -456 -145 23 7 55 30 -284 -338 265 333 226 -282 255 345 56 -121 -275 -181 110 -9 647 -167 319 522 94 534 151 -592 456 -15 -9 -14 -255 -60 545 428
-31 716 962 96 -18 227 -326 -509 -674 260 -473 295 385 -579 -650 735 -11 -75 422 -90 468 -630 -428 -191 574 -687 -318 566 -109 -165 -357 221 722 98 -26 78 0 -32 112 89 -251 741 758 22 440 -383 392 148 -735 -357 -345 190 -430 -759 -195 -101 731 -495 88 352 -133 -209 -598 411 1090 -535 -43 -246 -63 588 504 438 -398 617 -632 -188 -665 -169 289 -133 369 549 -75 331 -207 17 -418 658 -662 -256 248 -264 -489 -949 -6 539 -344 -51 157 -25 77 195 91 498 -1022 -258 1215 -12 -1359 28 73 -724 462 -238 56 141 9 -291 -45 -30 62 43 -286 555 314 -291 186 -122
-569 -234 370 -323 381 216 544 -495 576 96 28 -591 -88 -64 -282 493 30 318 293 -9 209 -261 -793 433 -261 352 54 -131 265 -765 -693 616 951 728 78 -153 12 70 225 303 -677 -434 167 -190 -804 148 46 141 -132 -393 226 -405 129 320 -455 -572 29 -723 178 -478 505 123 -292 -29 171 -182 -85 135 -213 -229 340 -67 15 -195 107 -326 -300 -189 538 -21 -62 -80 -113 -436 -153 404 633 -267 -276 -111 -635 378 888 -646 -332 -553 -111 11 193 544 127 588 73 -365 -25 355 465 167 -637 102 297 243 869 -367 219 811 -525 -728 -81 218 451 -344 -24 75 -328 3 -215 605
-611 273 138 357 -262 258 640 -1147 -370 472 427 168 290 85 859 403 -414 -297 -144 423 -336 207 -225 633 332 -175 209 -470 -20 388 865 -107 -169 -491 -552 -6 84 550 -399 -693 -346 687 -423 79 -30 1 -609 -237 57 95 -178 191 200 -33 96 -275 364 -814 431 -82 658 -140 -677 508 1 -506 -240 541 492 -1043 -104 -327 274 -206 314 826 241 -149 -371 -24 -149 479 -219 891 -1340 99 325 -475 -111 370 823 -160 315 488 -620 -65 -444 -53 998 -339 665 488 -173 -32 -207 686 354 -380 -149 33 269 -355 -105 -237 -380 136 -45 -267 382 248 159 -221 151 326 -715 158 -421 2
-171 -94 -426 195 -28 -180 -303 161 -499 -376 761 192 -34 80 144 259 -180 836 -2 -202 -352 -607 -78 -288 664 200 -245 591 -45 572 -486 485 791 255 -232 255 -321 521 322 -342 129 -268 457 166 35 -469 513 774 -423 79 -863 1448 -241 -1 -511 -328 -268 -7 331 -126 216 567 -1005 441 233 65 -696 472 -239 -530 -226 737 -392 -70 -317 195 225 98 -918 -219 -269 608 847 -183 382 1067 374 -161 604 77 -120 136 4 -393 -588 -614 690 -654 -895 -546 -612 -471 324 -566 362 -238 365 -204 -593 -230 -481 92 -811 -909 899 180 34 -159 623 75 -108 -293 370 -148 167 570 -228 191
-111 -12 -177 -89 -540 318 684 82 565 297 -291 83 96 77 -9 282 143 -205 -175 -80 -690 325 -1554 189 -995 -145 -132 -31 844 353 -129 -516 -226 -319 -154 -5 -123 -61 295 -39 -626 -5 -65 -528 -547 -356 -687 -57 170 170 1102 -725 -194 347 86 -220 -153 433 -187 -461 216 1 858 -203 28 -382 -728 -893 -261 -396 -244 1 -364 49 21 -322 -620 39 1055 -553 -372 178 -266 469 214 70 -75 -61 -203 -971 -292 -268 -85 375 869 -29 -380 212 338 -598 121 -360 654 15 346 -129 6 -27 -658 122 -462 291 208 343 409 82 717 223 524 -385 -84 -532 -350 274 821 925 248 348
-595 -39 229 546 157 -233 -553 -322 -590 -13 -213 372 162 150 372 -284 301 -86 -1187 592 -180 313 423 -375 -113 -89 -204 269 37 -172 398 187 468 195 -78 -670 617 364 -254 307 -357 -349 -174 140 525 960 14 74 -1111 -353 98 163 -667 461 127 214 -533 330 -215 -42 -369 -871 -76 -65 -230 -303 -152 -476 -618 299 517 53 -207 511 -303 315 -746 535 -287 -148 510 927 -558 530 -7 112 -62 234 2 -492 371 -653 -217 -784 -19 -925 607 588 -186 -152 400 -741 203 -202 644 360 -478 -611 -54 162 255 190 227 454 259 411 -596 20 75 411 -203 -327 -187 -96 -474 58 -536 -563
247 -372 -169 -140 185 259 145 -416 1395 19 428 -259 -17 368 313 -113 606 538 186 -566 -118 658 -217 44 138 -189 -369 0 859 -141 106 -360 -1 -288 -322 -497 315 -73 142 -179 -10 253 255 297 19 -614 -13 -4 -187 1447 -290 152 389 -360 257 -676 44 -784 278 283 604 0 141 -11 840 -2 185 -158 -164 -479 -381 953 -584 -175 -158 41 313 -19 -103 242 -497 -186 77 -220 21 -266 696 -79 770 -323 -529 795 111 273 399 318 329 141 290 -169 -133 588 829 -717 -301 564 381 -483 -376 623 275 472 -652 -92 -331 361 -115 178 16 -86 325 -325 524 224 578 -343 62 227
459 268 -151 173 -321 -113 309 333 290 387 -354 757 -1074 381 -25 -491 1015 -583 585 -73 -75 405 -276 1205 358 368 476 -1063 99 190 -130 -56 -303 -97 201 -326 229 -205 177 -839 214 -600 -136 625 -115 538 -29 -88 881 47 120 621 -289 -158 -224 -724 -391 -1 -344 588 327 -466 -83 -364 172 569 -74 -495 318 -396 -367 -88 189 -25 337 928 101 -192 155 -364 240 -26 -180 -279 101 566 761 79 433 300 -28 -86 85 33 46 -692 51 192 290 -299 -69 -528 -301 -319 468 50 -287 -314 -296 2 243 -71 -376 -392 573 -415 407 -337 209 -36 399 55 -122 619 -57 -805 337 208
-61 -740 -483 300 -274 1126 -280 494 789 442 322 67 40 -280 -27 -170 221 -244 654 176 -186 -271 -473 496 -8 479 45 -829 -135 38 -300 311 583 589 179 52 73 329 886 -422 244 89 271 896 2 -310 -2 158 137 175 385 127 310 -267 -210 -218 129 -260 343 702 441 251 49 -518 270 74 302 392 546 545 -109 -110 -42 460 -233 -378 545 112 505 -13 370 -110 -412 132 -604 142 -678 -436 -221 596 430 -96 74 -483 278 -965 -845 -94 -916 -552 513 683 52 -412 -124 -433 382 -279 150 97 -85 -53 -152 -331 -203 14 81 -622 65 -456 415 -140 -223 -256 -46 -1507 -417 -31
250 122 -639 -341 203 261 -283 -317 -96 -851 132 -286 -140 288 16 -430 619 -261 228 466 -21 -224 52 640 -53 331 -414 -349 -309 -867 543 -173 -442 -168 -861 -507 225 276 -279 933 -89 -130 -208 -39 255 -60 -382 -446 516 -166 584 186 -410 199 -76 -178 497 -68 -328 271 102 378 -27 642 -441 -168 586 -128 471 331 371 -468 333 -522 -216 -252 410 -337 1133 105 519 213 -597 239 251 -421 -207 919 -308 -603 40 112 -82 -583 -107 -223 426 196 -122 284 195 -28 -195 237 -530 -491 -561 260 224 -95 837 851 -150 786 377 16 283 319 4 326 684 677 -306 86 -238 -292 467 173
-276 412 -234 435 -153 -2 586 313 272 -58 -124 -228 129 157 16 903 -13 -572 464 560 712 -330 -276 326 120 -624 353 -584 -221 -29 -474 414 372 41 315 746 -288 -2 907 -591 59 75 67 -40 145 260 127 353 -233 304 -251 -423 1176 9 -631 -530 64 -578 17 -25 415 58 667 215 425 138 272 578 -97 -371 78 -255 153 280 285 -77 15 -748 315 744 -289 -125 793 164 -86 -336 -37 3 163 -90 88 -268 660 699 -3 805 -541 -195 -16 -477 527 604 -434 -261 -587 188 -145 357 -233 -99 157 309 192 -50 -527 897 -10 -514 421 195 436 46 -37 -182 -314 -268 47 -170
171 -230 -404 254 474 588 -94 -271 26 -329 212 -306 -537 229 -249 -213 189 198 -610 150 573 -167 269 542 719 215 224 -353 238 76 127 -503 -632 -217 -290 104 -137 488 -679 -355 -60 -549 609 6 302 -721 414 -592 261 -257 328 -48 -314 -528 355 -67 260 417 123 340 283 -145 -170 215 103 347 -401 -278 531 158 -905 31 -115 -127 -286 346 -649 -174 129 194 602 -630 67 362 -401 336 432 601 -841 -129 -679 414 -86 -221 -730 -394 532 500 41 -297 -20 -111 -247 42 136 -156 -360 -258 168 417 708 817 -227 406 508 -217 492 65 -155 -332 -957 48 -609 363 -125 591 88 72
-89 -511 -317 -437 99 -242 157 580 453 113 410 -79 -198 247 -107 -451 659 -621 -671 188 -939 129 -466 394 314 -558 142 465 86 -240 41 -51 62 303 -343 -350 -234 -246 138 -543 391 -51 8 122 320 -103 307 -20 -605 -104 -572 323 -233 -609 -135 609 467 250 -110 678 -158 -268 -1094 106 301 -200 -305 663 885 225 210 -567 291 -295 498 97 244 -389 -358 332 -482 -112 979 -524 -462 -3 62 -783 -16 -370 -657 -1215 12 433 209 184 548 -440 409 217 -335 -105 1082 -302 -185 173 -1155 601 670 -310 247 450 -144 -21 543 -25 -624 -93 -233 -435 168 -176 -54 -48 -57 169 -565 448
-465 32 -460 -683 672 -589 608 -165 234 -513 572 -430 -672 -130 215 190 505 -81 559 762 377 -263 -318 207 -325 -26 821 122 -698 -372 -215 -18 939 -740 -111 -138 -619 95 -522 395 50 -44 729 446 -96 618 -183 -443 210 547 -215 -1 -169 853 -599 -208 -549 -322 155 403 677 293 64 -405 -640 189 -88 -84 -278 -251 387 719 126 -99 270 -571 330 -371 -674 -114 32 341 -421 -321 -336 225 -443 -275 627 206 1141 -92 -156 109 121 -645 29 305 49 47 54 -479 76 -1007 250 272 177 -331 -66 267 245 -470 245 272 -107 78 -863 12 -330 471 847 -495 415 -389 -221 -820 -91 365
-212 -417 61 -275 -598 25 -80 31 -114 -10 -613 -236 -402 129 230 456 746 262 -680 60 14 -257 260 47 753 376 5 -45 -484 -578 -381 607 48 -26 47 -22 458 -149 171 306 43 175 172 -342 -174 373 456 360 -121 94 -14 -6 -277 222 259 372 -159 78 -260 26 -107 40 -284 668 -119 887 188 505 151 468 -285 127 498 -847 -82 102 262 -439 12 291 29 -825 638 -529 -408 452 -513 -450 132 -127 126 223 622 190 125 -377 455 -493 -329 499 -364 379 411 -590 -96 748 -352 817 229 1220 341 -291 -194 78 309 -531 -565 -553 -719 1056 9 23 321 160 -294 -501 -449 -559
850 131 133 -165 -179 -208 224 -39 -816 295 -148 198 208 101 -301 -241 69 529 -148 -415 315 321 47 29 -430 -219 -702 613 521 523 671 -132 -289 962 285 15 -8 676 -212 -667 -502 -57 415 230 -176 -306 80 193 810 -442 -914 789 116 42 354 198 38 843 -45 473 173 -250 204 -383 -123 -559 -168 -921 263 64 -385 -350 -381 333 -407 231 -316 -35 62 -363 -236 422 -1043 184 170 -333 473 224 -17 -20 156 460 -278 521 -25 265 -332 851 602 -756 330 -71 -143 38 93 254 981 329 148 -244 129 299 7 -146 -261 -56 760 -541 347 -340 -197 -752 604 371 138 -53 -366 277
173 -77 609 -432 21 190 550 45 -432 224 239 -534 102 513 344 434 -524 742 449 -815 451 -718 -335 506 291 -341 -26 -111 -213 -50 138 1114 164 -290 -7 -96 -118 -278 -746 939 212 -685 -683 -326 -172 -329 342 -494 1322 -266 140 -681 269 -254 283 -482 146 -163 25 -84 363 172 570 -471 -188 120 4 -20 612 -48 -283 525 -116 -598 273 292 278 64 -341 -594 59 -1438 207 44 -797 -598 -127 94 396 181 20 694 158 -313 -88 -331 -356 -1109 992 -453 267 -35 -13 108 144 -714 317 1008 178 92 302 130 348 161 -180 107 -115 456 -13 501 16 518 -39 673 38 433 155 175
154 -166 -373 729 -682 -103 -477 -182 -586 -278 440 879 347 -16 410 -27 -70 588 -581 -453 460 -49 -355 55 1091 -25 363 554 -140 -47 438 159 -180 -134 445 591 -102 457 -351 1131 -507 202 -103 -61 84 -244 -405 395 289 -224 131 -478 -396 -482 1092 356 204 71 442 -90 369 144 318 212 -191 -100 105 -174 342 -41 -745 -593 -272 439 -309 451 197 -82 -72 468 -95 -717 19 297 -572 63 -105 479 -141 -595 195 -49 -321 -365 -596 107 496 532 73 50 341 -456 73 206 300 473 190 -43 -46 1013 -382 -603 184 427 -175 -144 66 -20 48 429 34 -360 185 -68 384 2 -510 94
-78 -235 -623 15 486 264 1091 -90 607 482 698 110 346 81 -405 237 49 582 -212 -319 -285 -285 -61 353 -224 -433 78 206 290 -308 -517 264 15 -225 -244 389 -249 -77 250 447 640 -25 264 -300 -419 -253 365 147 -128 303 -176 -245 160 -374 -313 354 -434 -325 307 -363 85 -281 267 70 52 -108 55 727 36 237 -127 194 304 425 -240 -213 -264 401 544 -16 -107 -906 -534 -47 430 -79 186 -600 34 -6 228 -474 -643 50 155 126 -260 -288 51 -391 509 533 -295 -353 520 146 222 298 70 154 -508 -256 184 368 -100 585 -51 184 221 -29 -258 -310 349 -255 369 -11 -748 526
-796 -492 -155 -593 -482 -323 54 318 -179 -379 255 -506 192 620 362 -284 186 1295 -148 31 -193 -183 610 139 420 323 -288 963 158 434 140 564 304 609 -225 -404 -84 -136 14 315 -179 462 319 120 -66 254 139 146 -64 55 -375 -576 -45 -47 37 277 -187 -686 783 10 20 -157 -388 -303 -649 467 94 -384 -248 751 -289 688 -88 -642 -491 -58 415 112 -628 -322 116 975 442 274 -336 320 -324 -670 1043 95 -284 -488 -338 -581 -262 139 -17 -744 322 -591 511 386 608 -1122 56 200 158 -85 371 668 11 -42 -175 204 -283 288 -430 265 564 796 606 -350 -285 -557 375 -158 -499 -42
-83 -417 -313 260 88 -201 210 -41 286 -694 43 -421 141 452 -286 -150 209 61 -661 -88 -249 960 292 -292 908 374 -943 -25 71 -205 667 630 -80 -43 -554 266 112 207 501 18 49 75 693 407 -328 -641 164 -132 -849 383 -377 -158 65 -371 -592 155 -572 -495 576 673 382 -12 -269 807 136 -125 -474 -261 26 735 -142 587 116 -672 -30 785 -312 0 319 208 44 -321 180 -150 125 -320 226 -482 -418 -395 -50 325 -513 92 13 208 738 -530 -229 52 -241 -95 466 1 -407 -225 307 -415 8 850 330 925 -608 836 96 -148 -191 489 -27 -879 442 497 -138 261 466 -190 157 489
560 -394 302 -459 327 77 -215 177 185 753 -305 -279 -141 260 -17 630 5 -4 -223 -99 -187 -189 -190 283 -371 -614 -574 445 641 -267 161 -655 131 -208 -994 -771 -217 -136 508 147 515 -44 708 13 -98 -574 580 -633 -9 254 -165 -99 -676 -180 655 640 98 350 -149 -799 -313 676 -53 378 -510 -158 -502 799 695 -389 -656 1002 25 -65 438 -205 51 677 -370 -138 48 -948 -156 -410 -42 -282 -505 -298 257 -323 112 -431 45 120 -655 -242 143 299 -33 -818 26 -45 151 269 53 -316 433 579 901 -1061 -81 -10 -371 -48 -525 -680 -167 -308 599 383 -88 36 901 201 420 300 540 135
361 -311 -559 -182 435 -311 -230 -137 -39 -52 1005 -453 22 0 -300 24 320 150 302 32 -228 98 287 456 597 -172 -582 -464 299 275 -107 -651 295 348 202 -79 -253 404 335 103 614 -81 182 -415 356 -292 -29 475 25 429 169 -517 -133 -429 -1 238 -85 1 -87 81 -106 51 455 -449 109 -256 89 579 680 482 -483 34 192 -347 95 544 392 -130 -179 -384 -354 4 191 -282 424 -291 756 234 477 30 163 262 -147 -298 -687 -744 255 -173 -493 -460 628 255 360 334 -93 -446 313 135 360 -604 -1228 93 -177 -450 -87 -93 -342 -120 -390 189 186 285 278 -678 217 -106 -66 619
306 -189 51 1611 -463 -417 151 -351 -162 163 183 119 794 -226 -236 -316 -640 -128 -263 -311 -233 408 -149 421 -402 -588 143 214 -72 -257 375 -223 16 468 83 25 180 -149 -86 475 408 215 -307 -201 -20 159 -584 -348 -331 203 -797 -168 293 -305 214 442 652 501 -390 -272 -314 489 447 32 -493 -591 -202 -302 -534 -465 -279 -266 54 5 -567 52 -379 -31 22 817 107 450 194 68 665 -360 395 -430 578 -507 -397 -84 -54 111 319 239 -825 211 650 -135 158 -12 66 293 278 355 -142 75 -407 -852 407 248 1308 14 -297 -757 51 88 -563 17 -316 -17 -69 611 -155 128 429 74
-54 -37 -104 125 579 -468 -404 177 180 -415 377 -323 499 -329 81 613 -37 -163 623 459 201 -814 457 254 -188 127 327 124 268 -322 -406 -637 227 -251 -684 -75 -398 -247 -240 102 -307 -417 309 -158 -544 212 -470 216 -157 -615 868 -534 -224 -170 17 349 276 370 -177 152 -557 130 -575 238 302 978 -285 159 382 126 -434 -529 321 -230 -403 -228 -543 -252 93 -526 -262 -803 218 87 90 676 378 -50 53 25 -518 -529 322 231 405 -121 -293 382 94 397 21 410 -285 140 -33 137 -793 16 528 -295 231 153 342 1086 -291 -273 158 194 -462 175 -47 -108 -196 31 16 388 351 244
330 -125 -762 -342 -176 99 88 314 -147 609 -5 -203 -21 -767 165 400 122 -493 -212 569 -591 -268 -419 476 -554 -307 210 -286 26 -150 -324 39 461 -328 753 280 -638 408 322 -481 -288 -273 985 -83 -98 391 231 432 10 -199 109 -312 423 347 61 -205 -217 196 68 -203 -16 215 44 -312 -69 193 -450 -52 -219 144 -361 560 -424 -388 336 -198 -59 369 -1377 -89 -681 110 662 -28 -284 622 -428 -183 196 229 109 -257 391 -58 302 10 -243 63 -14 -204 56 -37 -368 271 973 -305 -714 162 309 -841 -413 -605 76 9 504 -58 12 -345 -214 13 -621 -228 516 268 -114 139 -165 -71
-383 502 -152 425 51 372 -277 32 149 14 454 -106 -203 -739 560 334 -527 -687 496 192 -220 41 -44 -168 -131 -178 705 -400 -391 -410 505 -75 684 370 490 623 -495 -958 93 -877 -150 345 -195 112 399 248 -890 -237 -223 318 313 52 318 495 -283 -122 191 -803 480 -689 -186 -122 -335 -249 425 -324 382 -610 281 974 -341 -276 -129 -322 708 -523 262 -475 429 -136 27 776 -75 3 -30 -1331 355 333 609 665 279 -625 -766 37 37 511 -573 -440 -161 -363 228 868 39 -520 130 172 -837 -311 206 -272 -926 79 987 719 -154 825 -1028 238 256 202 -434 -486 -140 -543 -239 -1368 -149 -375
-181 -341 579 176 -285 -355 27 -67 133 74 -619 606 -592 -109 155 -160 -92 -176 218 307 607 358 319 -294 540 -137 174 -132 -232 6 -770 509 351 155 372 -313 420 -330 731 209 394 256 74 -986 390 -304 139 -303 100 168 -52 -762 174 -633 -227 301 292 -299 -142 -765 359 660 228 334 336 -40 567 -52 461 -190 203 153 32 430 377 298 594 -38 143 472 -17 -757 -155 338 430 -48 -13 87 -31 39 665 55 237 26 633 495 -199 1130 -140 -526 817 612 -479 231 239 -39 330 -245 272 119 -140 53 73 -598 -8 92 -297 73 -414 100 173 491 322 -22 -231 97 -244 -314
-205 725 632 157 79 230 -354 450 -406 649 -830 -185 -335 -38 -519 470 -366 -290 762 116 -583 661 321 -305 164 -112 88 136 -214 68 102 -23 341 123 -378 -179 313 825 52 -27 227 -98 -190 192 -739 -184 164 271 5 -318 71 68 -64 -264 -78 -30 5 -218 32 -403 -218 149 -571 185 491 -186 186 10 772 -170 -36 -7 432 619 410 8 -447 -549 249 293 -506 -381 -298 -390 -404 -501 213 -534 -49 63 -170 -425 -151 30 220 32 -535 -385 423 -503 -108 -387 124 525 250 -494 370 508 -720 452 -374 321 152 556 -98 -257 11 -412 -202 229 767 75 -5 168 -91 -89 -228 -69
708 198 538 4 -261 -24 -363 -59 129 264 797 -141 657 51 430 201 -676 557 98 -663 411 144 395 -83 -481 261 -443 93 340 -58 754 498 703 187 499 300 26 -303 167 301 882 -145 -540 753 -530 -263 221 416 42 514 -579 -323 128 -310 1061 -642 435 40 189 -175 -163 570 84 293 -397 -350 398 388 109 304 -84 242 -55 152 -313 665 343 548 -302 545 -1009 -752 306 596 176 -492 -474 138 15 606 510 822 -580 104 67 -190 37 32 -231 92 -539 767 99 -177 -122 -32 927 478 88 338 -417 -117 203 847 -304 762 292 -269 186 321 515 294 208 -526 1316 -311 -273 310
-48 -145 223 -697 151 -346 615 -884 483 -29 443 -298 -192 -82 5 464 449 350 -68 -313 405 -156 149 58 -253 220 268 193 595 514 -114 -571 -278 1019 -464 -488 -271 374 314 290 -256 2 529 -946 -871 11 -141 -175 159 225 -626 461 346 -382 157 -313 -38 -259 77 869 45 -448 -260 -517 -583 -693 280 -316 -354 -220 -483 -78 927 45 -331 583 -404 52 -56 -508 -49 -708 433 275 359 251 311 -179 215 199 675 737 -176 207 20 430 39 -36 702 166 -152 448 73 199 -247 519 322 -440 -189 668 -232 287 -787 -807 -161 249 -563 -42 645 -42 -114 262 -673 -313 722 -12 238 524
332 -205 -14 804 -309 -6 -639 374 168 -141 -13 681 -445 -104 596 122 -766 -500 -91 -353 -756 -258 -375 -392 471 -38 -373 -706 -270 263 372 -917 181 147 113 174 -19 686 -142 -933 -530 373 43 161 652 -232 -116 -79 41 -639 762 197 142 -125 286 -117 580 333 -580 -131 -51 63 376 -551 -124 321 -712 459 377 447 -172 11 55 58 98 895 -399 -819 -528 -122 30 517 -451 441 -1042 -70 -246 -239 134 -270 361 -901 109 -179 224 -28 358 116 195 -543 -580 -287 228 -175 228 -202 -129 -642 48 38 21 -321 -262 -205 -56 -77 133 -563 447 -518 783 -395 -136 768 337 -385 -51 -259
-628 578 405 483 335 -460 264 -237 -741 -340 314 373 -752 -18 126 -81 38 -76 426 509 -111 -649 261 781 616 288 -612 -581 70 -551 -130 -4 100 123 -566 17 -42 232 -126 871 383 -337 -131 -290 279 1377 419 -84 -276 -58 19 811 -419 462 -43 -284 406 -209 -552 -17 318 -632 -220 245 -320 -648 261 -41 412 -1 -143 332 -188 721 479 538 458 265 -110 545 -389 623 -1031 -32 -409 -34 25 -254 639 2 364 269 -120 -826 -185 -605 63 -682 -676 197 386 618 642 35 -488 -216 203 506 155 776 12 588 176 65 299 -114 143 -226 529 356 387 -233 -375 339 60 141 775 90
822 -252 -48 186 280 -95 -356 818 112 276 -670 589 618 145 -1010 -147 -96 988 401 911 -305 1224 30 -150 -451 -80 -301 325 637 256 -69 -145 -1371 -184 544 -795 1132 287 705 65 -62 -522 -322 -409 -1163 -176 -385 402 55 -74 -175 -45 -844 -164 170 470 -1003 207 67 -68 -927 -272 216 292 491 328 531 -251 -7 48 -130 1006 249 -906 -63 -267 -801 81 114 260 -392 -75 262 -151 -23 481 293 52 221 129 -924 -928 -256 400 -248 13 0 566 449 372 -221 252 167 373 -520 377 -51 -653 -214 -348 -285 -723 -93 -261 291 -540 171 258 -21 319 25 214 379 48 -424 608 -439 -85
442 -206 355 257 -357 -1063 -479 542 -492 34 55 -211 238 -107 -618 -298 33 144 99 692 -5 436 718 -113 630 191 -270 210 -804 31 -71 -148 -88 390 -282 -392 730 -155 -23 146 634 -77 315 266 -587 59 -518 363 82 -260 -463 172 -111 -460 -223 -201 -173 825 -298 408 491 -376 -7 -440 -128 115 815 99 481 166 22 170 120 -193 412 277 356 207 435 -46 -152 -231 80 -13 837 1084 86 -476 379 54 -300 192 -19 256 -37 -767 -6 234 -254 -466 -436 -338 8 435 8 186 299 -508 262 324 -13 108 399 -407 -270 -753 222 886 147 203 -171 -333 -290 -504 -392 376 -453 642
75 213 -901 -232 870 -559 85 74 356 -893 23 -458 -566 156 -448 17 971 66 4 280 238 167 -564 28 137 -273 -432 -728 -306 -455 188 207 -372 -249 267 300 41 -168 67 -537 624 -21 134 157 -215 -958 51 11 477 -112 -610 397 287 -71 -118 448 -154 -367 -365 708 814 -129 2 26 107 169 -44 -114 523 -45 -902 1196 -198 63 324 -141 -136 -405 -137 344 -656 -1142 -432 -388 -203 4 358 -526 307 -380 -458 38 420 914 -254 235 -465 -131 -341 -16 -347 183 -393 -1236 158 132 -93 -92 165 649 77 1281 -550 160 64 -356 50 182 220 -107 850 257 408 617 322 -375 1003 690
-278 328 186 231 24 447 -265 752 -431 -213 -336 727 -136 430 397 -430 -205 -60 -140 -259 -466 -136 151 409 506 66 433 -54 -400 -179 109 147 -341 -446 -351 -382 124 -242 316 404 -201 -421 67 164 -114 512 228 -435 42 369 101 496 592 -573 268 368 -371 -63 16 -286 -242 139 430 -58 -158 -309 400 73 -4 810 -741 -143 -54 445 -375 -112 499 364 -55 855 -342 188 119 16 -835 -708 -777 49 403 -515 -115 61 -476 -693 155 417 328 -621 -227 279 -48 737 216 -17 -80 -105 -158 -170 -185 724 291 -88 -618 20 846 -267 123 42 -544 832 362 967 -78 659 163 -737 154 -842
742 -263 -172 486 217 245 467 43 245 -517 -326 -398 -484 40 -240 533 536 -551 -779 88 -292 317 -82 213 172 88 -99 -45 372 60 740 663 111 -401 -466 -242 775 -599 363 -88 -888 -342 -509 -280 -26 473 231 -109 -174 544 -214 281 -294 388 -61 5 -400 650 -317 79 232 155 162 578 482 42 -830 649 157 82 600 -205 -154 -917 851 805 185 116 540 -155 -103 534 560 321 47 -28 634 -25 -345 -317 644 224 886 -100 -330 -171 817 292 -808 446 450 -505 163 -94 435 83 405 -85 214 -643 619 777 93 92 223 -507 -247 -309 71 140 32 838 -173 695 -363 -253 789 416
675 193 -124 1 391 170 -421 -16 124 -236 281 50 378 -395 362 88 -179 392 125 -573 114 184 -17 -118 58 296 -168 -365 376 -282 447 637 -394 377 -76 58 340 625 250 -268 168 -97 110 213 -149 -444 166 89 -258 152 -452 665 -240 -180 -264 -482 -495 -162 -378 170 38 252 -69 309 806 -52 -35 -185 398 -249 -274 554 -260 -93 395 143 302 -369 -292 -261 -361 139 312 -363 215 102 679 322 610 219 -746 659 305 -384 -154 311 264 -168 -74 -170 -510 371 -112 428 -706 22 20 -655 -660 -123 -194 -52 -276 -292 -410 -354 368 -236 381 -220 13 -170 -301 -106 444 -103 190 -404
-103 -228 222 -1146 175 256 266 -385 281 -21 5 -595 -593 -149 -613 434 65 -753 259 -695 237 172 -1053 38 -1050 -405 465 -304 342 -46 216 -30 176 -385 -18 -297 487 -169 -268 701 -229 21 248 497 95 536 -99 -126 69 569 493 -623 187 19 -676 173 -84 1115 -1589 489 334 233 405 -695 -162 -632 54 -439 136 311 532 -487 6 -491 4 -320 -188 392 375 169 -100 -962 213 126 -4 -60 -644 -385 -222 -783 1571 -139 541 -341 288 -122 164 182 307 905 -474 -938 -547 82 30 -304 -195 564 164 -518 384 649 -539 -708 1136 -392 -693 -103 261 -65 547 616 -886 -63 254 74 683 937
-344 -150 675 40 -212 -434 177 187 -166 409 136 -271 139 534 -152 291 13 -160 23 312 -509 783 -214 -312 -275 -861 -314 484 -34 42 428 -137 -445 -42 -600 471 370 51 173 -528 150 819 666 626 -347 -178 465 374 -479 -508 271 -124 78 -542 -99 346 -102 135 328 -213 52 -45 -511 421 -659 -711 -82 -550 181 92 522 528 787 24 -178 66 -797 510 328 548 -59 912 -275 150 423 -335 -56 -433 -321 -186 -246 209 -350 -484 -258 -277 -350 -173 410 -202 168 -19 -427 37 443 -197 -74 584 770 -283 115 103 -283 188 10 16 -485 257 -12 -41 143 -284 -288 539 -591 325 -603 516
-147 -314 -575 549 -143 -273 450 111 -206 -196 414 781 492 -400 -45 186 -78 575 -121 -251 -88 614 -144 404 96 -146 -331 132 -411 -1008 454 -187 -202 -693 -855 14 199 257 -670 311 -866 411 -355 634 612 141 -444 30 -19 586 291 104 117 -418 391 477 68 -599 687 -432 758 343 134 461 374 -142 28 11 578 -587 -7 111 -312 -153 344 103 -33 -748 529 229 -83 428 -141 -492 -514 -807 651 252 -67 65 -289 -107 362 -827 12 20 -304 386 49 -342 362 -747 462 -505 241 299 78 -114 -698 563 378 -498 440 -643 -209 -404 432 -374 -24 -228 326 -84 311 1004 95 -390 94 1168
357 109 -645 112 -1066 -298 98 747 -65 545 8 -313 -260 458 -211 74 -20 -100 285 -1166 153 -489 -489 -93 -50 272 518 551 -90 364 -188 -536 823 519 -693 -519 -155 938 378 160 69 -1174 -47 114 95 -351 236 -523 -116 179 52 227 -519 -375 -318 -158 604 234 -497 285 307 356 141 -619 -188 378 -243 184 8 846 -62 -486 163 215 93 -905 493 607 -41 -39 -800 -676 586 -108 -146 -3 -361 241 -214 14 432 -446 -276 -520 45 31 -113 222 -574 60 285 453 -320 -79 312 -1486 -22 156 135 -158 -65 179 -47 -735 751 308 -110 505 83 -30 1109 -820 258 128 236 -427 -63 -86
-204 -511 -188 157 203 -94 21 214 -73 -715 -135 -979 8 110 -125 -136 -277 79 83 -349 -482 7 34 -553 -167 804 122 67 -254 168 -44 80 -454 -667 -559 -75 -105 171 -256 176 236 123 200 415 -496 -339 687 -407 -290 681 -102 66 -63 -137 133 539 -630 -48 157 561 435 512 -167 22 190 852 -167 -365 -694 -417 616 -254 592 -142 612 376 649 116 -766 -721 -799 -418 467 149 79 249 -146 -229 163 445 216 325 276 8 -666 302 244 -738 -458 779 220 -533 -462 -277 284 194 691 245 -8 726 671 -768 -1140 -21 -47 -268 -342 4 663 -12 231 253 593 268 50 -60 23 280
-654 -238 -572 -438 184 386 503 -491 262 924 346 676 120 -600 556 -379 -474 226 -68 -484 213 450 -98 -140 445 301 -21 -299 246 -148 -174 4 -847 -96 -415 231 830 -228 -909 -248 -108 310 692 346 158 -339 -266 34 -60 30 651 -415 133 -109 -426 -46 549 -152 -542 -468 368 455 137 280 -40 57 356 -73 519 -320 -817 -774 64 507 -239 355 -134 -206 311 86 357 -75 -269 -35 -753 210 185 143 -185 -285 -156 374 -287 96 136 316 -77 608 313 -396 631 26 294 251 376 864 -449 -643 541 37 20 -296 0 120 154 17 643 -426 414 -21 11 -724 -90 136 348 72 -505 222
-125 428 348 -332 301 132 -662 949 108 253 -252 143 375 161 235 -826 555 -192 83 -241 -347 23 -702 252 -363 -72 393 -23 693 -379 -518 -484 -462 -18 116 -29 -336 -815 -177 242 415 -689 -805 566 299 497 239 -313 -319 251 121 330 -713 229 27 185 277 647 251 -107 160 291 -868 -381 -268 686 -263 19 136 -89 -252 -26 -549 493 83 -474 493 477 449 7 265 -97 244 -791 211 -95 -352 -267 -239 -395 -744 -860 -76 -166 -236 260 123 -551 -334 -97 -154 -167 804 671 -192 165 -601 538 135 -212 -28 -133 222 -612 112 207 428 -477 499 -528 -325 425 -552 -368 -154 -117 102 354
134 194 -358 -583 -50 266 -101 -302 383 271 -686 -41 -119 -499 53 -159 -64 -509 -526 -559 -450 313 -47 -11 42 79 -756 756 -253 -330 287 576 -628 454 376 433 1364 398 111 123 2 977 227 75 784 -61 -289 353 -546 -223 -913 -797 153 -503 -139 1661 -338 -29 -85 62 399 385 252 -169 -69 -655 235 -320 87 -549 593 688 -62 349 -649 -313 -832 -226 57 -66 259 -498 -669 15 458 -897 284 -347 610 262 -407 -159 -282 -231 -146 -684 -571 370 -298 975 -320 13 -157 182 140 463 -643 -119 551 -72 -732 -436 -414 -241 71 -542 -132 744 252 -322 -216 351 436 134 -409 570 357 -402
-56 -480 187 -199 -793 239 -188 -221 82 85 313 315 606 797 526 105 181 -403 249 300 -392 64 -521 925 -419 -57 113 331 82 -288 -308 -204 691 273 371 83 -149 -463 544 -666 606 239 655 642 788 567 -540 699 -55 268 -5 -424 490 -134 -824 -546 389 -121 -121 456 -184 -259 -357 -442 -186 -710 -211 211 924 442 50 246 89 -56 2 482 25 392 83 781 -140 494 -266 23 465 -40 345 -121 534 18 673 181 -530 141 -40 166 76 410 435 65 316 361 41 -380 -616 -14 398 860 105 -827 -756 1160 465 -922 -592 1059 -226 -338 217 690 69 -155 34 59 382 -993 -357 33
-186 182 -365 64 367 93 529 264 -212 277 -310 499 -318 -228 -345 296 285 -823 515 -318 51 -175 -494 -1184 801 70 153 -433 -401 118 -76 40 -25 308 305 731 178 -231 36 285 -485 226 44 -3 114 -273 231 80 -167 -356 338 187 -28 -450 95 -761 43 -130 -327 -110 -430 312 -420 -109 208 640 -187 -216 -401 567 632 -212 237 1 100 -368 -158 147 340 -29 331 -720 666 8 -284 654 -682 206 -419 179 8 518 165 -49 221 -34 649 -403 388 64 82 877 -64 431 -278 -50 555 478 132 367 714 742 -409 -231 265 282 -813 -372 196 -101 662 114 302 -317 517 -180 -715 -146
56 -237 -165 -444 192 32 -261 221 -238 -340 539 898 105 -48 416 -427 435 -325 -738 -44 -569 538 561 -522 331 -238 -119 147 -943 253 276 488 -369 -493 182 55 98 -866 -397 -188 75 444 -581 315 -526 520 -212 338 112 -156 -300 -208 516 -348 -158 265 95 -575 464 99 87 -373 -117 159 -1221 -212 252 337 363 269 165 431 499 210 -95 559 285 -284 -177 508 388 272 -214 -97 -126 354 250 -777 -119 390 301 266 301 134 -481 546 -433 -831 82 107 188 -364 155 -585 -10 493 -34 -224 -262 -106 173 -80 -644 -211 -362 94 -190 -323 -542 35 32 556 -99 466 28 -523 -343 424
-9 418 -556 445 275 282 -199 -21 -156 -98 -297 333 656 -311 -376 -1017 401 313 15 -51 -980 455 -762 -126 -569 -256 310 -421 -98 92 193 409 -1114 -209 544 360 -92 561 23 475 -312 113 -330 184 329 -22 -271 -193 -31 -148 -588 104 -523 -110 720 233 133 -514 350 293 517 -70 443 447 -189 -609 106 -577 -886 64 -194 433 223 13 -324 -82 -367 2 -1 -68 -143 249 148 278 335 27 -619 1048 -195 -596 -719 33 -702 -155 -24 -261 467 -476 614 26 937 272 -139 509 139 15 -591 -342 -401 -315 144 -521 89 400 401 -80 91 301 143 -447 -63 249 -465 497 -440 321 329 259
-37 -146 78 1265 -804 249 -457 114 -185 219 261 539 53 -359 273 -148 -168 -232 256 -249 207 128 264 -279 717 54 652 -597 -398 159 -47 -3 318 -95 486 18 -326 -444 463 -27 -166 230 -391 -297 334 54 -27 -124 23 -46 63 848 171 39 -151 111 231 200 109 -170 -312 286 -20 27 -174 -430 219 278 348 334 -577 -491 9 66 -41 261 957 -72 154 283 74 796 197 692 -170 -232 -879 262 -83 640 207 470 160 -637 -408 449 178 -313 -719 4 269 -15 155 559 -183 -457 -177 -307 369 -9 97 522 417 -197 590 -349 107 -141 513 199 -366 604 -490 -72 -219 -259 59 -135
535 -44 689 -48 419 390 425 247 -361 179 55 12 -128 393 469 97 -595 -589 -616 -247 -6 202 -235 393 -45 -208 -267 780 389 223 431 -190 272 -30 263 366 626 -361 -647 -1076 -625 564 -470 69 103 -100 420 636 99 -653 -329 -156 221 -506 -72 -731 -26 348 -69 -324 -177 -267 268 109 -45 439 -223 -347 640 -613 242 -333 -624 -355 881 530 -69 -182 162 -120 -140 5 50 -597 -585 -349 857 -65 -398 10 -520 -139 238 1423 -106 491 667 490 297 -86 -694 -412 -181 -59 -367 -256 15 769 -380 -570 342 855 -29 -198 -102 25 766 -650 254 -991 -482 -482 9 570 -915 -75 240 587
393 298 789 -141 -288 765 210 79 -30 -86 267 -289 144 363 663 -428 -459 147 473 214 16 -490 376 -125 -435 352 156 265 377 -113 -639 -131 207 -256 84 -6 297 -619 -555 -471 -184 20 -140 -376 -259 -74 -499 -189 322 -310 -149 -676 378 245 -374 -129 10 10 -392 -767 -334 319 -29 78 467 22 165 434 -614 158 -23 -303 -465 -613 326 -96 226 424 71 263 -193 -176 -399 -173 434 471 -232 -456 408 126 107 399 447 384 -182 95 271 -210 -15 661 -673 -166 262 187 97 -263 241 356 -18 251 -705 235 -710 -483 -649 -55 -272 -237 158 109 -462 -15 747 -186 66 18 -264 -320
-188 -530 211 20 -301 -431 -300 272 -120 -273 339 196 393 320 -676 -200 163 -99 23 288 162 -443 -225 -463 -366 558 -504 336 -772 2 121 948 -410 -257 592 85 91 -320 172 238 68 -398 393 -266 -524 -832 258 855 283 75 -748 290 4 202 -53 -237 60 768 -518 48 -61 105 -276 552 -70 -43 460 -572 -520 -166 -622 -590 307 -87 -676 333 -210 -203 -23 491 709 -708 653 -159 213 982 -40 -156 -151 -190 -874 -274 -638 745 414 11 860 130 -172 -370 -742 531 45 -49 124 465 -193 -64 -242 635 161 264 239 -366 25 385 -59 -118 178 -298 -632 -262 -289 143 585 650 -41 -474
-566 318 -72 -368 -16 -411 -197 455 -135 -132 99 -196 478 -149 231 -362 -317 286 -648 -472 -135 340 -106 -554 744 -495 217 528 93 -199 -355 430 673 -589 186 -223 -354 -1 -197 217 224 -564 184 337 5 59 -121 95 -234 93 151 371 -689 -290 -182 151 266 -860 -308 -351 517 293 -741 69 766 664 -56 21 401 522 -223 445 -263 -370 312 -78 239 104 -1189 -134 -263 -1051 847 110 166 -136 -40 59 -569 -522 179 -236 -306 -520 -827 696 -375 -126 -190 -79 541 -114 241 -106 214 618 303 694 195 247 403 -594 -65 121 -126 7 -526 472 -588 226 -93 139 504 -115 102 -205 -764 76
109 -357 -933 -242 -180 539 -129 -362 -116 -42 -325 36 -432 214 -571 295 -174 -341 -543 264 121 -69 -970 168 117 -390 55 43 -245 -190 345 -80 245 -476 -172 145 1072 -121 299 -420 -611 293 930 173 330 -359 -45 -134 -150 267 -387 277 298 101 -321 64 458 390 -345 302 257 216 541 276 -335 -665 -246 -76 650 30 13 235 -51 151 -415 -26 30 -155 429 703 436 479 -392 -499 -241 292 126 -69 -528 39 1390 -31 404 398 461 786 329 795 -212 438 -568 -157 -540 -302 -14 -242 118 -150 -362 -177 -148 594 -2 -220 256 -374 277 -100 -312 41 -8 48 40 191 182 -573 586 -283
692 311 72 85 380 -432 59 -443 -579 -28 301 -98 -218 -532 317 -618 -385 237 131 -286 240 -438 614 -161 596 -221 -200 237 -431 -90 459 -202 -491 149 97 -534 -45 -26 -183 174 941 350 383 -463 -507 106 -211 -573 -39 -403 57 -391 -72 -465 588 -81 29 410 130 -517 155 -60 889 66 -504 -134 10 124 714 -73 -340 -163 228 -39 510 579 -98 -665 -34 -641 -339 392 -461 -43 170 -322 189 229 -578 259 409 530 -1083 -91 323 -506 -157 392 133 -518 105 90 -252 496 -47 150 133 -513 2 534 128 -595 -184 764 -229 -935 48 624 -533 -94 -358 184 -595 215 -196 -168 385 57
72 563 -940 532 -273 749 232 950 -178 604 209 -186 397 -160 -649 298 81 360 -295 -670 -86 881 137 -476 4 -208 531 -237 -349 609 -46 -16 -78 88 227 -296 159 836 506 -201 -458 46 -120 413 -790 -720 -154 463 96 -137 -1023 421 196 -800 435 162 72 72 723 444 -400 -404 27 -308 -341 821 -798 -357 -438 98 -222 -424 691 -249 -103 -202 460 -244 -193 -453 -597 114 671 -376 521 403 -516 397 -461 735 -356 996 -190 23 569 132 -263 -527 316 156 -60 -188 -505 145 545 -465 658 -341 -405 367 665 -178 -154 8 160 -238 853 687 695 -393 254 -149 -319 268 587 -189 -531 507
666 -181 271 -326 668 -937 54 -775 -512 -272 362 475 597 118 193 -53 -360 -85 860 456 569 -250 -369 452 -488 -27 215 525 68 -221 514 248 431 -330 -68 395 45 -517 -761 -42 677 -106 -95 487 160 658 -551 -306 205 -508 -640 -333 409 322 -565 -157 168 -124 -92 209 -209 311 -231 222 -250 -739 112 98 -211 -251 240 549 -166 337 242 324 -251 -799 59 443 1 37 123 -321 -500 376 260 -413 464 17 234 -379 153 -53 -332 -218 -1004 297 585 -499 21 391 287 -696 -224 939 402 202 -170 -666 -52 -228 359 -397 -781 212 -29 -839 -191 446 739 -120 436 337 229 -340 106 542
-471 -445 -420 -476 429 -120 -691 705 -258 170 -244 164 -31 375 -254 -22 160 398 -843 235 290 377 161 546 292 -95 -330 -183 195 -197 -143 74 110 -564 -418 -613 -356 -260 -615 207 -284 -43 -180 473 -254 -249 285 -311 -69 -175 957 -29 432 -300 203 285 -171 -907 656 139 161 406 80 450 -334 1200 -338 -452 -341 540 -195 339 -90 -189 -691 -574 341 -121 444 -331 386 -136 121 -992 -454 18 237 425 -347 -198 -187 -362 336 62 -108 395 15 -578 -237 -133 -188 -494 -173 432 331 -393 -413 -703 -239 314 592 -477 -636 23 -174 101 -388 -242 -56 -152 310 238 463 190 -284 -96 -509 -144
141 121 56 23 -69 -182 -723 -73 396 554 -361 416 9 147 -130 -526 618 -155 146 -529 47 -25 -358 -24 352 532 -258 304 -366 -12 -307 211 20 -9 -604 -404 206 -54 218 450 -85 329 376 136 -143 226 12 409 -368 -443 -87 64 172 -81 -362 877 -151 -273 -31 -120 -441 -19 -481 108 170 -254 167 309 218 180 -200 211 409 361 153 81 365 -348 82 526 -665 -708 211 -612 582 506 141 -510 -29 -387 -949 -1011 809 -231 33 -237 -155 -89 -245 551 140 913 263 461 -367 650 -504 78 1184 128 -232 126 -46 83 -100 -421 -220 568 147 458 585 -851 9 -408 212 1002 65 233
-26 -385 150 -3 67 728 542 -302 516 207 -21 85 35 -211 -82 54 -236 -629 190 -523 19 64 -396 268 -1357 910 -611 -310 296 -503 -126 -62 -484 123 272 -160 231 -678 202 633 -373 167 48 0 -347 481 -15 210 -369 1070 39 -310 196 -2 -508 -480 708 -126 -714 -448 -340 122 328 -391 -620 -424 24 -60 -743 413 -222 -179 -51 86 -27 -340 323 -39 298 950 49 -39 481 -1 -12 44 -7 -460 98 -370 -24 58 113 113 -185 247 120 164 -78 144 123 243 109 -469 371 173 1072 -118 -89 -343 293 782 411 -920 11 284 101 -203 541 241 -384 -986 -319 195 -299 -1087 20 519
6 -195 457 71 47 -136 605 97 46 -400 -250 150 -377 164 337 -636 248 392 728 -586 -21 -130 430 177 210 558 -103 -214 -112 79 -242 486 8 253 -14 -81 -619 23 -191 375 -615 272 842 532 1 113 185 109 73 142 349 336 124 -592 -114 -35 -58 -845 202 -575 569 121 524 182 269 247 562 232 350 92 299 103 -718 285 -299 -4 501 -271 126 567 -405 532 -326 -241 -141 -284 223 -449 144 -338 -95 10 -292 -769 347 -619 -464 -376 -593 -730 135 410 -346 -386 -3 326 130 -339 224 758 589 571 148 401 -725 -309 -55 -580 92 423 128 -1107 15 229 351 -202 -602 75
192 555 -193 -186 -53 -66 277 -629 222 68 -729 267 -666 -756 839 199 339 -765 -225 210 578 -117 -62 -493 114 399 44 204 -136 683 441 32 119 328 -240 598 496 -229 54 273 -242 836 -263 -57 -89 24 -540 -511 -243 -82 89 -290 175 272 -265 -80 -125 150 -147 -103 402 227 -722 -170 -208 8 200 76 285 -241 557 -103 172 -63 375 -468 371 -354 566 -366 250 266 451 58 -138 -205 572 -477 -722 -250 578 220 943 -248 281 75 -803 1179 -85 641 617 323 -522 -62 -425 1045 415 -418 174 -863 472 -473 183 298 -129 -228 434 105 -501 16 422 111 70 -603 -537 -30 -198 35
113 9 215 -623 -241 20 554 -256 787 -97 -404 -568 -457 -347 -570 -295 228 -614 -183 -283 -206 -356 -583 -124 166 466 -263 163 -453 169 -9 753 562 267 91 201 452 -158 946 788 254 -276 -299 -465 47 -16 7 652 -277 -32 -511 -692 242 -433 -253 -190 150 -250 -783 -200 -525 458 -366 214 -441 -520 -236 -235 84 254 335 -155 351 183 -274 292 -537 316 145 426 464 -407 296 756 716 111 -213 -342 -577 -349 -148 -114 393 135 545 -466 84 608 151 309 -130 888 47 -149 175 -58 555 446 75 -838 181 353 477 324 -603 141 -430 156 -791 16 216 557 -108 -12 432 -166 -124 -443
