tiempo: 0 segundos
instrucciones: 4098
38 -135 360 -144 -6 -39 192 -44 -78 35 -147 372 -99 -4 -141 55
140 -64 -175 165 -30 -6 -60 -14 -191 267 -248 79 -284 -11 -203 -87
0 87 105 -410 -182 188 131 119 -19 127 171 90 -103 16 -162 89
-74 41 139 -109 42 -99 -181 -73 9 -123 -73 61 328 143 111 313
-68 16 -9 -112 175 -121 69 29 -163 158 -133 310 -184 -1 -232 -119
28 164 119 40 -48 254 -106 261 36 -60 -39 -122 89 -158 231 -152
272 87 99 44 68 -326 18 -168 36 49 -247 -41 59 99 -88 -2
-73 -94 0 62 162 -190 157 -253 -117 47 -157 93 -114 -71 -279 -143
167 -22 -29 106 -121 286 127 175 287 -152 337 -61 91 141 -9 -42
-120 84 -148 -1 189 -215 -114 -127 166 -9 -86 233 -11 -28 -109 -42
159 34 -52 56 -26 -33 225 104 -5 3 52 -162 -59 14 -132 -147
-15 -87 -164 -9 -203 249 109 -160 193 -18 267 -101 -1 -186 112 -27
-82 -142 -181 -67 -119 129 100 -125 -328 396 -8 -227 -162 122 -172 72
73 -350 -13 161 -50 -80 114 -124 -108 13 33 199 -37 -68 -50 -18
170 -38 -24 119 -52 -43 147 20 -70 -102 -28 -271 -242 -113 -41 -120
93 123 -185 26 -163 457 28 283 224 54 179 -110 42 -234 11 -356
