tiempo: 0 segundos
instrucciones: 532544
-29 24 -675 -411 -11 68 -387 -39 457 244 -622 -206 -402 240 179 -160 32 311 168 326 -141 -101 -23 123 538 -272 -81 34 -88 168 32 -388 -173 121 -7 567 -291 -8 115 178 -183 70 652 -23 -23 246 121 770 -99 358 42 -188 272 77 -44 -162 366 -209 1026 -250 -195 454 144 187
-385 106 3 -108 375 472 -29 -27 -238 342 -153 535 -356 337 -77 -415 -37 11 -189 -250 51 58 27 -5 -24 -422 379 -31 27 -31 114 510 692 259 -287 -144 142 13 383 41 280 -572 -466 236 -255 368 -264 -170 -250 -13 476 34 398 -272 -122 -216 -140 193 -617 -605 22 -155 -593 659
131 238 -465 -234 249 26 283 125 584 183 -864 -204 139 291 189 -350 -88 335 197 332 -21 349 -388 190 287 -351 185 292 229 255 218 -322 125 387 -214 -1 -265 -394 -525 84 -231 239 341 7 -249 -208 334 80 -377 352 236 -53 122 -157 -70 -603 357 -458 685 -95 -241 -252 21 460
-210 165 -321 -972 169 -131 -184 217 -290 104 -570 -118 777 216 -231 -177 223 -244 258 221 205 52 -111 51 -349 -250 272 -218 -50 -109 -277 157 -427 385 -232 -169 -188 -536 225 273 200 430 -94 275 -188 -430 -283 -434 221 -149 -150 150 303 -122 -457 -139 448 100 -246 515 -265 -19 623 379
10 218 193 -210 385 -36 -122 -141 -123 440 -399 -84 131 -123 -278 249 -342 -342 843 209 -552 -280 -320 -255 -59 -362 -285 217 565 110 336 -180 -363 -221 107 -229 38 -254 191 62 -140 158 152 208 13 -266 202 3 521 397 -311 -192 -607 217 -210 61 91 415 217 90 -11 428 -62 -372
54 379 -113 -11 -11 -263 281 474 626 -8 140 -225 -145 5 324 -234 45 -343 626 -8 -38 -697 121 -284 -195 155 89 -173 691 254 276 127 -280 -589 353 -358 -373 427 -161 -562 484 -491 -25 -108 -157 -294 402 328 251 -303 -437 61 -95 176 117 -80 102 -91 469 -194 151 -86 105 -391
-16 140 -112 186 26 1 59 230 302 -797 -27 -190 -178 -225 462 -257 593 -71 -77 -276 198 103 61 485 -121 -194 312 -322 78 -168 53 79 150 -10 888 -85 -325 360 -674 475 45 -147 436 -68 -2 105 434 260 -287 567 -182 125 -193 -512 280 -103 101 -611 782 -342 56 -409 114 161
-40 231 110 146 147 -407 61 -110 90 -272 -544 -348 -16 -265 361 68 38 165 41 784 30 -104 105 -168 -114 268 107 100 474 -162 259 -276 -180 329 -172 106 38 -173 136 901 69 400 341 108 352 160 -13 -223 -322 840 -135 508 -212 -158 -86 786 -311 50 530 -87 -43 -36 -80 531
441 293 -822 -150 204 -9 -158 596 172 -407 107 -204 71 77 -205 -16 127 455 -12 258 154 -121 -309 404 92 -234 -155 -318 247 243 -203 -274 -205 63 -136 97 100 -330 450 -299 -57 -200 307 95 -152 105 -346 -254 92 152 31 483 208 -20 -440 320 243 -72 51 374 -84 -192 -167 150
-558 249 323 13 301 508 -188 30 269 242 -108 -449 12 -198 274 629 213 -50 -202 133 -71 -285 217 -243 290 -441 360 -266 74 -292 -275 -54 57 328 77 140 -36 272 -228 -627 288 -289 51 -486 -258 72 -170 -336 -143 -315 -265 -41 343 274 458 -429 -37 455 -122 312 222 -234 -257 -80
13 -254 -258 112 370 19 260 427 175 -379 -500 202 -53 181 -7 25 90 460 449 300 -211 245 -273 -154 333 498 3 -55 306 -446 117 -89 179 -197 -92 21 -18 -295 207 -28 -168 268 254 311 146 85 18 -44 -903 284 -301 218 -65 243 144 -249 320 -514 349 -342 178 -610 46 337
352 -462 315 19 47 519 -384 180 -365 237 -313 262 289 62 106 -467 255 -238 -267 -377 649 -257 284 19 162 267 351 -80 -184 -12 -218 339 261 -99 -80 337 204 561 -2 31 224 -151 -606 -143 -487 287 35 21 -56 98 59 148 446 372 -203 -426 102 -366 -304 367 43 -264 414 383
-129 -259 20 223 209 -681 5 5 -112 399 -30 -305 -269 83 265 -254 -541 -175 292 -221 -58 207 242 -241 106 377 -110 172 743 746 79 399 -194 224 -544 222 359 140 -487 -121 167 -404 -130 -195 -239 61 71 495 -129 -48 -238 148 -437 -447 -156 124 -41 -300 304 -526 65 380 -173 58
-584 -379 -194 281 71 695 -634 178 154 -33 -98 -70 -53 -395 -243 188 52 249 191 -384 -354 -56 387 -248 822 -66 158 224 230 164 201 323 70 -447 441 -187 -184 834 -21 -542 170 -338 837 232 -522 172 128 223 228 61 110 -449 -291 -95 -135 -24 -235 57 51 -149 -290 299 -409 -21
-427 -115 214 428 -215 -384 -155 -151 -504 621 20 345 382 176 -593 83 -115 -277 -114 -293 606 256 23 -19 257 590 46 -193 -189 -108 9 266 -264 -702 -26 248 338 33 210 171 21 327 -724 -29 -154 -274 -276 8 -123 326 -251 -400 39 152 -315 344 70 0 -176 10 296 -27 90 102
362 344 -277 -133 -161 -187 188 -657 -98 -159 321 -148 387 510 -154 -890 151 155 320 218 -126 -209 -153 69 -798 61 344 -390 -26 -27 48 -176 197 227 460 -97 179 172 -88 -46 86 135 -442 11 107 -70 -394 -499 765 0 -134 108 216 228 -113 204 -58 585 -62 166 3 -26 222 392
-392 -6 55 345 -287 101 -82 -4 129 -144 -56 -171 -362 -25 200 218 -816 77 -286 426 79 -306 329 -656 -22 54 -103 104 328 82 56 177 98 160 -298 59 289 292 312 -305 441 -290 117 -328 -3 -316 -79 435 80 -281 -80 90 -287 -527 141 883 15 425 156 280 -306 233 -276 -12
-403 623 -103 73 303 309 -305 -379 298 -284 249 84 -131 -24 -15 -156 355 -57 200 11 89 -27 315 4 -116 -25 -188 368 312 55 113 -291 20 -205 356 -226 87 -53 477 -172 165 480 265 -204 309 -310 132 155 365 -83 -272 -34 195 -291 -33 389 214 -165 449 -476 59 -388 243 -132
-60 -339 -138 466 36 65 31 88 -332 134 -457 57 414 31 274 -146 -504 300 -117 576 -175 -18 -469 136 493 -51 -331 472 -250 204 -897 311 -325 382 -469 701 97 270 157 -103 156 -143 -175 -235 -155 -91 169 173 70 -679 24 341 -195 135 68 -273 409 436 -336 686 -7 548 -92 203
-170 287 -470 70 80 -213 -279 -206 473 -167 378 -216 -240 -341 155 -45 -481 211 19 297 556 209 162 226 37 -362 -208 550 117 238 422 -414 202 600 -170 -171 44 156 46 132 207 453 447 -427 53 -243 179 198 395 176 351 279 61 3 55 288 -194 107 17 86 -335 329 -69 -187
11 277 255 -184 -172 702 309 -49 657 384 170 245 -665 373 12 -173 167 -47 53 24 185 158 27 220 37 87 99 233 -293 351 103 -289 406 103 -114 51 -58 -465 -105 341 -102 -408 151 -417 -134 181 -26 -202 -410 304 545 -47 267 20 15 177 32 -288 104 -210 62 25 -226 -27
-4 -474 -222 541 122 -383 -35 112 -20 -216 226 17 113 -192 -260 310 -74 -131 133 3 232 -64 161 -635 -272 426 -406 -81 494 190 -268 402 -372 -598 -443 -220 606 -61 -10 -308 -201 227 -24 195 -211 3 -259 -103 226 126 -682 89 -93 162 -888 155 -637 59 -221 221 300 47 -69 -500
-181 104 -513 -127 -241 638 -235 -77 -279 28 -127 -26 122 177 362 440 579 273 -376 266 155 -308 -71 -269 -386 -53 432 -425 -347 -180 -564 -570 48 -164 461 510 -472 -69 -443 51 188 -180 290 293 323 571 -164 -208 23 106 42 110 -133 330 -93 -37 -142 -26 -15 282 202 -248 295 -407
201 -298 -97 -199 195 -409 451 177 30 -162 -27 52 -205 -432 -127 14 212 -297 72 3 -15 375 -32 513 -367 301 139 115 492 -221 136 246 12 103 -197 -67 199 -42 19 201 72 259 -540 33 -116 184 -101 59 -95 -238 249 -259 371 -117 -84 -176 160 -481 158 -249 226 80 -22 36
171 -236 -188 827 -42 247 606 96 116 -871 216 -255 -158 217 447 -331 156 172 -16 184 589 268 -312 550 8 517 -207 270 179 -49 -116 -209 -119 182 -378 502 557 -386 -87 145 -70 -136 4 -35 48 -304 255 -300 -160 -562 -144 592 550 -105 222 22 -47 -279 -113 87 -7 11 33 -89
-275 -248 -215 234 14 343 60 -224 -59 -74 -30 586 9 42 -60 58 716 335 -69 -351 -133 173 135 -90 336 474 -548 699 -400 89 -184 -203 22 -745 324 569 -393 667 207 -247 147 299 633 636 -85 370 491 480 160 40 84 -136 -420 26 119 -135 -424 -158 -418 -210 -142 502 152 -46
181 -90 96 -46 -488 -220 262 111 -307 -22 19 282 -22 300 251 -99 429 -412 -43 -567 52 361 -331 534 -91 269 -585 -166 -538 -532 137 119 -162 -324 494 -346 -89 -518 -179 53 -241 281 83 285 266 368 250 507 -540 563 327 -218 -195 -376 -17 -406 211 -347 336 401 61 -83 564 -626
-20 -62 315 -216 19 431 -162 -51 -310 -759 125 265 139 -476 -471 -239 369 -7 -372 -118 286 295 33 182 -144 -149 301 219 -401 -438 154 494 -389 -7 264 -181 305 89 -83 -153 262 416 -253 585 41 -649 38 -616 -167 -514 -156 192 -182 -241 73 180 13 71 -627 775 136 -360 653 656
-69 469 -86 -716 -58 -248 50 18 351 261 71 22 -121 -58 190 -263 191 -236 77 -64 370 108 107 452 -118 -192 362 -165 273 -119 597 -335 57 185 -31 -325 -73 -107 293 144 -151 642 3 -28 244 -291 -82 213 189 367 46 -28 316 12 173 108 282 -14 525 -201 -370 -332 250 609
9 47 -12 -491 -140 -579 -165 321 229 -425 669 -537 -32 24 221 238 166 49 15 49 -162 -25 271 255 -274 161 150 -295 127 53 268 3 173 -102 -467 183 -50 -292 426 174 -442 -407 395 -24 -350 -271 -299 -536 81 -17 86 639 -92 425 -366 840 -283 155 -453 -513 -219 -445 -311 108
172 626 -202 513 -211 -386 418 -53 417 -165 -128 -392 -522 104 621 -102 -363 -79 -215 -141 79 -59 -474 -188 80 -73 9 61 -227 -312 131 0 57 382 205 -130 -204 -526 -135 433 64 -555 177 -211 688 -3 109 -476 -422 157 249 112 498 -76 409 -208 17 -91 119 -291 32 -460 387 -246
164 -244 -369 -251 -174 90 -79 -189 -503 -299 52 124 71 304 -25 -98 274 204 1030 288 -496 -117 200 -426 201 -94 -202 -134 -203 110 -380 -500 -28 -562 226 -117 -400 242 157 268 -287 39 229 130 154 261 -130 599 242 186 279 -216 -162 -398 -564 105 -327 222 -264 -339 -129 512 40 -26
363 -211 386 129 -101 503 357 -52 645 184 74 92 210 533 -172 -293 -252 -273 289 130 -143 -594 217 -136 -146 58 204 -32 269 327 86 -356 423 129 63 -250 80 66 -302 -119 -310 -248 14 74 -88 -313 146 -680 695 74 184 145 -68 340 201 -323 -128 -80 215 275 -148 114 -21 75
24 -291 -742 103 91 -329 -236 277 443 -444 -38 -67 -207 -881 177 -187 181 617 176 -25 -275 39 -509 -54 36 125 -523 -265 615 -333 -5 -143 -334 -248 190 -519 -450 210 -362 -205 141 406 -380 584 213 867 -8 350 630 205 -159 -309 263 -40 32 -105 -264 -133 405 85 -284 288 345 -208
-450 147 -294 170 -129 21 -12 -185 111 537 -176 -265 136 177 -184 437 325 -13 -283 638 323 22 37 106 -673 36 257 40 -413 400 -750 -338 306 -25 287 203 -65 -227 -673 543 -32 90 163 -438 -27 489 134 -306 -337 -14 -153 -765 154 486 192 90 -28 -95 57 45 141 -190 -18 -242
-126 -639 639 516 9 -327 690 232 151 -197 63 -273 -70 -127 268 222 299 36 510 314 402 -193 52 52 -225 957 -291 494 370 310 -15 -399 652 -431 -114 148 536 254 -288 420 -534 127 -41 18 -43 178 186 -213 560 200 34 421 101 374 216 183 -709 -336 -5 -50 -317 -156 -31 -240
341 143 -437 -28 232 -220 -476 120 -110 156 -389 70 43 -13 3 345 -486 -192 338 -201 42 -298 61 211 249 -212 325 -17 30 -75 359 751 -217 -116 71 -348 -157 142 112 -267 66 -429 66 -433 -28 -109 116 344 -259 -57 -227 -577 -33 621 136 -219 66 160 -105 -242 -197 -211 307 -409
222 85 443 -201 661 -111 -177 -293 299 238 -433 130 -192 -90 -38 75 -456 -556 853 96 -187 -667 -10 -300 158 -49 33 -10 447 241 -97 210 2 200 120 -603 183 541 536 -95 -254 142 113 -633 -246 -385 272 446 142 -354 -277 -252 161 38 -180 294 -33 182 186 -389 -366 228 -111 5
195 201 -1 240 -228 260 -145 -249 0 -336 203 -237 -216 107 94 4 -14 -56 41 149 45 140 -64 313 169 192 237 301 115 -113 82 -417 -551 -25 -556 183 197 -254 -56 464 -350 105 -210 14 256 -243 3 338 94 -11 -226 -106 177 283 -523 -305 -166 252 -29 -57 611 132 -143 -168
-348 -374 -644 107 230 63 -26 -57 -195 137 -17 672 -231 120 26 919 18 -60 -303 -106 293 226 -234 424 211 -292 -138 56 -268 -161 -329 22 -6 311 -56 224 -165 379 312 124 39 866 518 51 268 -403 262 66 -308 -376 313 -257 333 111 -17 -173 -501 129 -650 342 -128 101 150 187
-212 34 100 -193 -369 -318 -53 193 -64 -75 -184 -27 -26 293 -94 -46 -165 792 -240 468 -23 301 243 -44 11 -412 -266 -32 -147 16 -270 -89 165 -139 -141 128 -338 124 94 -133 -453 361 234 325 -82 93 -289 536 514 -257 55 -136 192 -257 -266 475 164 -55 344 -106 -128 324 -19 205
-203 -105 505 -631 349 -259 -183 186 25 103 41 -99 -459 200 264 -71 52 -12 -116 356 -113 263 -50 700 -602 305 -142 211 351 305 63 253 449 347 -87 70 -130 276 -153 -688 -354 166 -291 -391 -541 208 94 362 -139 -428 312 -84 127 244 179 392 156 -134 -117 -130 -596 114 122 270
110 -43 -81 -68 -162 419 -244 679 -78 -158 -186 135 -70 -428 -127 -268 -241 -222 -388 -473 -304 -8 95 -494 522 -153 481 23 -523 -217 370 294 -369 -94 62 -331 -351 124 369 109 634 -228 529 90 -93 18 346 387 -471 101 -29 -361 -452 -126 -27 -443 419 -114 43 68 349 -261 304 -23
-254 461 119 16 307 -111 -502 60 1 124 -16 -529 -311 -826 2 26 -110 60 -358 -630 332 207 -520 661 188 -75 11 176 -492 -241 125 637 40 307 39 89 -62 -450 63 652 10 65 -191 237 -626 516 170 -109 -122 173 -113 -152 525 112 15 -641 -178 143 -545 -250 149 -204 135 97
217 -249 -41 413 -336 -55 -195 -155 -421 68 -416 -431 160 -391 -222 244 -282 -6 284 -274 2 230 173 -144 325 -149 468 -221 240 -396 198 5 -552 101 -186 68 370 -114 -811 -37 -128 -181 51 555 154 138 -22 -808 85 256 -75 262 21 327 -315 -310 -695 -66 -412 489 224 -179 256 366
-150 -4 -215 360 -237 124 -247 -291 -127 91 332 118 -208 -179 -394 -145 -267 461 -494 -171 108 489 330 85 475 -307 -450 316 -212 -91 -48 189 -406 42 -126 320 44 -208 552 -388 363 -102 37 -341 -149 96 294 -247 -37 80 525 -222 -124 51 80 251 444 13 -249 -307 122 364 -59 29
-508 -53 426 -212 319 -404 -159 -476 -525 307 -407 106 10 18 -327 75 -236 -75 87 -233 234 310 0 -146 -375 -28 -101 306 188 246 206 9 410 413 -352 -695 500 -161 43 384 -316 1278 -152 166 146 -83 -54 616 165 361 -208 -324 -279 -346 -87 -496 -238 -261 -18 -66 -230 268 334 -52
408 296 -296 -131 49 -121 -90 186 224 -81 -355 -75 182 -114 -183 -30 -114 233 -3 -306 -44 -35 115 3 102 -468 -41 83 -266 -16 -425 614 -62 40 41 142 282 214 397 105 -2 5 244 -242 -18 56 155 -161 103 413 -356 -154 -290 140 -113 227 197 99 -27 154 -156 -285 210 232
161 222 -557 692 -515 25 -193 -283 -291 -276 548 -383 -164 -255 457 -160 -29 160 16 -158 0 -193 518 -383 538 -285 89 -100 -210 1 441 -22 -1013 636 -230 419 210 -409 -314 1 -27 -17 187 126 505 49 438 -227 -431 -10 367 541 -231 -451 -161 -231 -309 17 -322 400 203 245 -49 163
391 307 194 32 105 11 57 -214 -273 257 -498 331 243 112 269 -23 21 199 598 -43 33 -540 175 73 250 -126 167 363 -660 582 -160 -171 276 303 -108 197 48 295 515 136 -567 -60 150 -527 -317 437 205 469 58 -341 61 -185 -87 401 254 -616 244 -24 -529 -253 3 -128 -53 270
278 -237 -129 35 50 -244 -385 490 -189 15 -68 -141 53 -646 71 -54 -123 469 364 -464 -360 -209 -52 495 518 -318 -286 -260 80 2 -40 45 -471 21 277 477 -498 628 135 -525 62 -469 -415 -19 31 622 -16 439 599 -78 213 -150 -5 222 660 83 152 -2 -140 -229 -336 441 381 -34
-136 504 -208 -418 -221 283 71 78 635 272 597 85 -283 740 74 -604 100 -203 514 14 -549 -6 243 -25 -339 228 168 -16 174 199 -210 -235 -66 -108 23 229 -622 45 -55 167 31 -124 314 70 -62 52 139 303 408 371 -171 -194 -444 382 -641 341 28 52 146 -100 341 336 -414 29
-14 281 587 -87 -419 -119 294 -422 418 -87 -184 -90 -512 -164 96 -69 -382 -739 399 -318 -230 -96 -260 -275 -386 261 -39 132 272 -121 471 166 -201 -98 345 -942 245 -632 50 202 -596 65 240 6 450 -582 -121 -104 33 542 -48 176 -232 19 -151 85 -439 51 207 -248 -51 -139 320 -108
-108 -573 149 -112 54 -475 310 112 -288 -277 40 -207 -257 127 -371 103 -515 81 287 167 232 -197 -123 -128 -548 125 -358 -285 -165 -384 -377 -121 211 -93 608 -29 34 246 150 265 40 351 457 -344 172 -360 -79 5 525 22 -297 98 -141 113 266 413 44 64 -50 -344 -30 178 150 -78
-232 -221 -114 -71 -54 239 -171 -74 -11 428 46 348 376 45 -685 543 -234 -120 -339 -397 164 110 188 257 205 -308 -165 303 -299 102 -371 -304 640 -89 85 28 439 388 632 -10 394 -253 -115 167 -341 158 -78 -489 394 -77 451 -157 -335 58 324 351 122 346 -415 421 -232 192 -187 -82
48 -35 225 91 3 -38 -231 195 -232 31 -58 327 10 -491 76 288 -97 -367 -153 -724 235 -113 -142 -196 -133 -486 -764 579 -232 261 -148 0 -169 -87 -269 164 -307 -24 39 -13 128 -454 -295 -36 142 10 368 497 307 -302 156 20 -164 -286 505 -508 94 -193 -356 -209 -285 -4 275 -734
-601 -140 9 330 165 -373 96 558 82 -156 -17 140 91 -296 469 180 -433 -35 41 -849 573 343 -229 358 264 -179 -422 163 262 -289 429 130 -64 -441 -87 -575 -102 -6 -82 -151 163 -56 -109 262 -122 -179 187 467 -114 243 -47 45 -193 -525 325 -564 290 11 194 86 -280 -75 -195 -220
22 4 -247 281 -156 -470 717 -17 78 -85 -479 79 -70 -94 -59 -5 280 409 227 38 -364 331 -134 -270 -274 304 -98 -169 72 -176 -253 95 494 -506 682 75 17 390 17 110 -89 -84 193 148 165 421 -519 -381 550 266 -298 -104 132 240 180 106 -206 165 105 -369 -238 -32 16 493
606 -74 28 332 373 -899 -156 371 -316 -224 88 249 188 -201 170 27 -274 -219 268 -839 -100 106 12 -21 -218 -241 -108 -430 -11 -77 456 273 220 -20 671 51 206 785 327 57 192 -90 -286 -154 23 -29 -145 137 80 256 -672 235 54 176 191 197 -196 231 -238 -386 -235 -334 162 -107
-188 35 -328 278 -78 123 147 -138 -641 59 391 -25 486 -406 -346 453 -27 -251 -316 198 840 59 -459 316 -310 155 111 -138 -463 -383 -25 175 -294 -320 357 -165 234 -580 359 313 52 141 33 -103 474 -301 67 -584 -74 147 -1 -93 177 176 -231 18 423 174 -270 306 211 -584 -121 -144
230 154 -753 189 -156 -210 122 -152 641 159 -84 -351 183 273 11 86 -126 349 -110 251 -224 -67 216 292 361 -99 502 -259 215 103 -233 -145 140 72 -432 320 125 -412 -147 251 57 -199 -29 289 -235 285 -84 -162 -327 -118 182 -30 3 -252 46 73 -290 -272 579 -237 205 311 -439 27
-723 -37 -244 -188 628 17 17 151 283 254 -562 272 -111 425 -90 -143 70 -107 -65 12 145 257 -81 -276 284 67 -344 425 49 298 5 -26 -53 249 -448 -94 -135 -112 188 -410 187 456 587 -172 -380 -267 -87 344 -124 210 -81 -174 159 -146 -288 -488 -16 155 32 13 -78 -85 -38 229
-165 22 -280 211 406 112 -236 -155 963 142 54 541 -330 -52 173 361 285 -365 -111 -483 -385 -239 -159 172 606 395 -323 80 422 177 -406 527 -43 -388 136 -112 -31 553 236 -379 384 -49 -77 108 -518 288 663 156 -94 -211 -134 -705 243 -550 -3 400 -264 -36 299 27 -243 130 174 -186
35 -401 354 -54 -81 -222 158 -53 -500 198 212 9 -84 -441 -41 196 -11 -439 28 -128 -301 455 -317 289 -290 284 -500 308 24 -319 392 315 -49 298 -500 220 423 -412 -57 310 -195 533 -385 194 258 331 134 353 -482 411 316 -170 -405 -541 117 -414 283 -249 -78 213 -200 401 -174 -157
