tiempo: 0.044759 segundos
instrucciones: 4227200
381 83 1 -1 -63 -303 172 132 -196 2 441 42 -158 157 508 -600 -479 -341 198 632 317 -505 -258 104 144 -655 -527 478 -32 -593 107 588 -273 -9 334 49 26 273 785 -81 139 16 -422 3 44 -291 -809 115 405 -107 -312 -517 397 330 216 -465 218 254 570 -327 -626 411 -82 133 376 300 -189 216 596 -161 -53 285 158 687 -137 -474 728 -146 -843 -160 -261 55 -293 -91 364 350 -57 208 -142 138 456 115 113 44 176 423 825 248 -1306 385 338 -9 875 612 1055 -525 -83 255 -5 137 106 146 -563 330 241 -106 -74 638 816 -415 -69 -518 245 478 -299 -261 -514 -181
180 1173 13 149 48 369 -428 120 1104 -621 325 438 -84 203 -621 -563 -525 -154 329 -136 311 95 334 -49 311 -210 -1107 -380 151 110 -242 1138 227 225 -37 -178 303 -152 -214 -47 262 75 -175 -348 -51 256 -502 -183 -209 -318 -496 114 -457 512 -448 679 -210 -229 -233 -558 539 545 -57 -486 -196 -187 -347 214 -355 1112 159 522 675 130 -369 -265 -335 108 -525 -231 -221 -590 523 -117 -27 -701 15 -455 78 -417 -598 -195 -10 419 514 318 -271 529 296 893 153 -67 72 290 215 -366 -302 -476 -226 -423 356 -152 -445 -233 438 -52 627 323 1008 174 -342 -41 -22 -56 -353 -257 -119 -1070
-400 146 -226 420 -625 -327 -381 -145 52 -501 -94 189 -478 118 145 -482 -476 -82 411 -234 292 -380 -361 -414 30 -58 -262 -44 -389 -245 117 -46 728 241 92 22 341 708 -77 -187 627 1024 -56 869 -234 244 518 -222 -586 -379 591 -165 455 20 100 -55 619 311 -281 -576 538 851 -211 439 -233 116 -821 -154 -165 474 -322 -1 -118 -71 718 47 501 171 -5 115 -1074 -195 -771 -262 114 561 27 421 2 -139 28 210 586 1062 760 1058 -388 -205 -11 141 3 -489 -497 -26 -545 71 -884 484 -31 131 422 1010 -621 -514 29 -452 -267 297 42 867 123 -103 -20 -69 -596 784 -192 383
367 115 508 128 -371 -306 412 -146 -92 -383 -493 -660 517 321 -577 -70 200 347 -42 -51 299 137 -291 -399 510 314 597 299 -419 -10 -673 160 57 -482 213 41 -561 -500 -16 -221 180 369 -873 -32 19 -188 -90 -182 280 -632 -135 -801 550 -313 -368 -27 -801 -262 891 -412 553 351 -627 29 598 597 -353 -635 72 375 -539 -350 77 490 472 156 -52 -936 -3 -16 50 42 -622 -437 418 -569 118 336 156 422 -42 -420 362 697 159 138 125 276 -521 -415 40 -162 -72 364 -481 -128 890 -386 1094 -669 766 -34 431 140 -374 158 -542 -516 377 -140 -576 -308 875 19 1027 -18 -927 300
206 -615 500 -255 109 -322 279 -88 -292 1006 -100 -16 -10 165 -350 221 -245 155 123 -16 83 -102 635 -258 -163 -316 291 65 -471 -413 719 587 -1121 -343 772 -232 -456 -849 -702 -141 690 306 20 -958 164 432 317 158 165 486 912 510 -411 553 15 -201 82 226 -81 221 -271 -274 268 -194 -522 -363 274 -382 -254 457 272 441 -222 454 387 161 384 1006 156 -100 -741 472 313 98 -80 -154 -459 -450 369 -256 -37 125 -237 -186 396 -588 656 -225 -105 -86 57 -251 -834 153 604 25 -439 -167 -840 333 -635 249 180 -578 549 -77 256 433 822 705 -65 -308 582 -103 -212 54 -158 395
672 142 738 -13 383 -164 -171 -49 75 48 608 263 650 -40 -419 -234 295 372 -403 542 -410 472 -107 -893 -873 6 -411 -536 136 -369 423 -361 515 98 206 -199 -188 -154 659 29 612 -504 507 -203 -171 -169 -413 -382 -4 -338 398 306 388 283 186 -121 247 134 -644 352 -190 181 52 -449 250 -2 334 -136 39 -216 203 -468 -340 -764 156 -125 -320 323 -305 269 316 56 256 587 -57 604 1056 -406 23 -570 -42 383 251 515 -142 343 629 -461 -242 -338 121 156 160 -1165 405 577 -164 -50 -510 271 625 -453 -16 1086 1175 -547 761 827 725 -524 -811 481 804 261 -341 714 -364 -178
492 175 -393 411 -100 743 -352 39 -165 -113 150 131 30 128 591 -262 310 -112 309 669 0 33 -6 334 -376 -362 -411 -182 -35 -16 815 475 -217 -180 316 413 151 633 409 -5 120 187 -13 -111 6 -539 -236 469 -263 -31 -239 -84 457 396 827 -34 365 -401 -3 46 -180 228 -351 479 300 486 -1140 -217 -195 128 770 36 233 -490 248 -472 -407 -28 -15 226 -147 -492 -586 760 -270 -87 73 -470 -202 198 744 634 -550 -137 204 -712 9 -172 -341 77 759 280 -269 -585 679 -290 9 344 -485 832 -264 475 -483 187 1041 643 -10 -38 -208 -125 319 -277 1 -140 349 275 18 -172
-319 -4 763 155 20 943 -245 489 232 264 -27 63 -409 122 145 -175 -418 430 179 -612 704 -443 -231 115 300 294 -569 -647 151 -578 165 563 586 751 -104 464 739 612 776 -121 321 619 3 -256 427 -360 -245 -253 -250 -205 241 -30 44 -477 388 -35 411 458 -317 -449 626 -83 -392 -123 -253 -574 -386 279 -1224 760 -88 -13 109 443 -76 -422 -151 141 92 -373 -825 -110 233 -254 65 103 436 367 -214 -913 -408 -555 61 -133 462 -217 -155 -108 -186 330 773 191 -39 -79 -299 -233 -499 0 -291 -277 80 -227 408 -297 -264 562 837 161 259 -562 567 -301 -454 -134 63 367 197 -233
-481 -307 -22 696 255 669 -32 -41 -817 -96 -485 622 152 566 121 -569 894 544 180 196 -455 -284 -36 830 368 -149 -257 -523 -520 1297 -270 140 461 -26 -381 -76 211 172 157 0 -21 70 151 300 214 40 381 -737 -765 -529 -485 280 -158 526 -413 420 148 -342 -582 -399 355 54 -509 91 275 304 -301 293 453 881 640 244 -86 -508 820 68 -118 23 -220 113 128 -847 398 -108 -642 530 -111 -478 285 236 542 181 587 -693 -297 725 -833 -412 322 408 -247 26 -294 -118 -225 -456 334 800 222 21 195 -347 850 530 6 469 679 -440 -946 -839 692 420 -680 -773 351 -790 -101 -321
-163 -120 -711 180 625 5 -220 470 -35 81 -313 -389 730 825 -725 46 -428 44 -62 -128 -411 562 -739 -152 -998 71 1109 130 367 -94 -133 83 691 18 180 -56 -18 -308 -283 63 -129 -616 -183 101 52 -56 -68 -577 143 -239 -637 -293 10 170 -699 179 -274 -40 -37 449 104 -90 243 -124 -112 290 201 316 548 58 601 -132 238 223 -169 1 -771 277 -88 125 428 262 -423 -143 -484 -276 296 -498 -129 159 61 14 2 -26 -630 -141 1254 94 -561 -470 614 1 -404 143 -199 320 -26 143 3 -448 732 -799 54 889 146 69 88 -165 -461 -603 197 -218 508 -57 695 335 163 -213
-261 40 827 738 329 -307 148 267 -335 -129 -260 469 354 662 -715 -29 -592 560 397 -235 -700 -624 105 -522 556 623 620 884 126 -451 -404 -191 288 -515 -319 -241 417 48 292 -1035 -192 -109 -69 279 -171 -164 460 -111 95 577 82 276 315 -161 117 -218 59 323 -410 -217 490 199 -298 -141 -549 1 340 636 -194 -573 456 -310 34 701 -251 -46 776 -71 133 403 -396 106 398 42 554 268 -5 739 -184 245 106 -203 -272 -16 -42 -111 332 -339 -548 71 18 205 -210 -88 29 -773 -231 98 16 -1 -408 16 -383 523 151 289 -685 -1 -152 504 196 -621 560 135 264 241 -12 -305
317 -96 -204 337 46 31 -548 -535 -45 15 277 -297 274 293 -54 -315 -578 97 551 -646 -665 -173 1033 147 -76 -135 -601 -210 -550 356 229 260 -299 350 -227 -258 20 34 -340 -24 -164 223 275 -199 132 -507 32 321 226 19 -103 527 945 -467 815 -258 -11 -421 -569 65 -32 50 -765 -148 -392 -548 41 344 -836 778 -225 391 -4 342 352 150 203 -302 -150 785 -183 21 -190 492 69 366 469 -4 -93 278 -382 -629 -966 18 400 -95 224 -291 -123 83 241 88 168 -156 -640 225 -356 -95 -144 382 -480 -446 782 394 130 133 491 -490 300 -630 -99 -304 -300 -364 207 -68 151 -177
445 -134 -211 138 264 -60 -218 -369 -599 327 776 -29 525 481 -92 62 -296 59 485 175 -223 78 466 -455 92 184 -869 -204 218 -467 132 -508 378 -98 291 -378 -171 -246 292 -202 561 757 -6 41 -168 -192 -264 -108 -75 -691 117 514 40 -8 756 -596 -316 -258 231 -84 -249 -144 81 -586 151 -221 -281 70 -82 -365 890 13 -88 152 -97 151 -172 -74 53 -129 -18 -131 130 11 -103 520 -73 197 -538 -100 -256 65 25 -164 -170 60 413 -356 -149 -343 215 443 -548 -330 -526 -145 -457 -279 -204 -511 -81 389 -673 -8 -102 276 469 -478 -55 -804 149 59 518 127 625 503 84 -162
469 318 -13 -707 -587 -245 -187 -372 -252 -488 197 174 951 -69 -242 21 -594 53 307 -51 -641 -587 -374 -166 -177 366 149 -455 253 -174 -478 -570 -27 -262 -227 -203 -621 428 273 846 167 -826 178 370 -123 -590 48 328 195 -199 306 386 876 -6 -55 475 -28 -637 -110 3 250 210 -777 -35 -568 -255 616 499 265 305 -166 473 69 188 361 -257 50 205 -276 -92 -512 788 148 340 369 376 -13 357 17 581 -310 62 567 -450 294 531 -562 -268 -526 32 -132 -136 -19 156 128 -116 232 260 -16 338 105 -68 50 11 -123 -377 321 81 -307 601 -93 248 -300 -678 550 335 -348 -79
340 829 9 -31 186 270 -322 -245 628 -450 405 565 319 89 -465 169 666 -967 249 -21 830 144 308 -313 -116 -824 -321 -210 -85 569 227 -417 -282 -322 69 312 368 643 114 269 336 104 451 -209 523 -280 -258 241 98 52 -571 377 372 -14 -159 443 23 -290 -406 -277 -458 532 3 -191 421 144 186 -10 -80 622 370 289 267 184 529 -594 51 -209 279 158 457 -23 -610 37 1080 -27 774 -545 -326 -203 -709 -57 -35 366 412 281 420 844 183 -52 475 -668 -220 28 294 260 469 7 -68 -71 539 -223 418 -230 203 -665 -459 -147 56 191 -440 220 -268 551 -412 594 160 383
240 -206 -511 -450 365 373 296 613 378 5 -323 -608 -16 358 -681 166 255 -704 -1 214 -377 -43 296 149 134 -18 856 30 55 -152 -158 -674 -916 -340 599 -490 836 -989 -200 355 -107 -228 -585 0 -68 -76 -236 126 266 72 186 -765 -642 251 -63 845 -689 135 -96 97 51 -156 -168 -438 36 109 -57 -392 -42 -56 23 754 75 321 -472 -182 299 512 -444 -28 68 345 355 -213 272 -108 -103 -132 -991 263 20 -323 128 4 184 4 495 -170 99 -84 59 514 192 646 505 -202 544 -367 -448 426 -599 -1022 -579 238 44 -550 13 212 465 -268 -30 -169 310 -49 532 -280 556 647
722 -154 -550 167 -476 -358 -79 -208 398 -432 290 134 -203 -147 -436 -564 858 -46 27 -355 -308 -121 535 -232 72 103 341 369 -885 130 -504 -387 -438 -479 -120 -370 327 -124 -384 -355 618 193 228 -26 83 235 -510 245 707 512 -391 -603 403 433 -348 -427 -344 -163 -1015 -469 585 465 -145 -181 267 -22 -366 301 31 -416 -134 358 29 -53 607 -326 342 120 -409 113 20 444 -151 594 -487 -266 298 663 586 140 -273 207 437 -92 173 268 182 -20 -661 94 -196 -674 263 -557 336 239 -103 -66 -246 401 -70 -399 -769 -206 402 -826 -577 798 178 -207 -575 -230 -644 -351 430 226 145 -584
429 468 -244 146 325 -790 272 -120 -639 132 145 -255 -34 -622 -41 -143 -46 696 -783 175 365 64 -265 -1027 367 623 66 -36 -15 -323 -225 -1342 466 322 -785 198 -368 786 688 -82 550 79 -85 50 42 -189 382 -70 -251 -216 217 -1106 246 40 -80 -291 -275 -310 56 297 107 -527 -276 -253 -243 -383 -251 149 -597 -551 -100 -79 -54 631 276 -232 -235 -758 -23 409 47 -312 623 9 739 798 -747 9 257 73 40 -293 522 -388 -383 1002 -124 -161 135 -223 160 163 -927 -157 -337 597 -998 10 715 36 264 157 152 -338 -41 -164 -95 440 -205 -343 360 61 -8 444 -212 458 -331 379
56 -135 -1013 420 148 -159 -171 -235 -41 -709 730 -644 -372 -237 -392 432 -300 -234 -165 -332 -254 -400 -470 -45 -9 -386 -796 -431 119 -328 782 -414 271 -98 258 769 -193 -229 -390 -620 -462 -114 807 -139 -278 112 -293 -769 -556 -380 -16 -312 1460 -217 191 -256 94 -226 -176 126 -79 444 -838 1174 -568 -103 -643 -354 397 277 109 81 19 -529 527 -523 -457 391 109 701 -599 299 70 -99 461 578 1250 200 149 410 -414 189 234 -111 -210 215 -409 239 -2 -41 294 -495 -18 -531 -61 591 -204 646 -558 370 -223 947 736 369 342 -397 593 392 -439 27 599 -47 -445 119 -118 32 56 245
-776 792 -865 -1054 560 323 -145 719 572 234 8 56 363 55 -577 4 -348 -1095 306 -47 321 508 299 98 546 -798 151 449 -121 -441 -531 -385 326 -539 -368 276 -195 455 1051 -110 68 -1374 -177 829 -479 -161 112 -594 -304 18 -815 -316 -31 299 -885 184 -499 75 -39 -196 189 487 323 346 -833 -186 281 355 476 -387 -240 62 703 -208 176 -489 196 -73 -223 847 522 522 -96 159 -309 -301 -222 -939 390 -386 -779 -966 -130 313 1064 626 725 493 -735 372 913 421 -531 244 24 -631 -159 -169 -962 74 -334 109 82 62 529 -5 620 -73 314 322 -502 -21 319 -278 -977 971 190 74
-163 -216 63 -405 -41 566 870 501 47 393 -274 83 -119 693 -490 480 1131 251 -277 892 -194 -249 -490 175 43 -52 614 -151 474 192 180 251 -323 -623 -40 124 -293 -778 -509 -18 473 -687 -412 349 -65 -492 556 -252 221 195 -280 -189 235 264 -421 -248 111 -133 -60 119 -481 129 -274 1102 128 254 -154 -15 781 177 16 -237 -501 548 746 121 98 4 328 154 18 191 171 96 -164 -136 238 -330 91 204 351 610 -700 -388 87 431 -595 -127 -65 -319 -8 142 -461 416 -157 -617 868 -168 200 -409 -510 417 357 302 -59 -178 -168 -36 329 579 -92 699 1 16 191 4 -535 878
4 -120 607 -253 -386 -17 189 0 -405 -191 -474 133 763 245 -100 -856 -309 125 431 -386 -1137 518 -229 76 224 -226 690 396 253 90 -87 33 -95 -171 364 -261 -264 45 305 97 39 344 -818 107 271 803 216 256 -138 510 -173 715 -140 -1044 898 250 359 413 355 -188 -207 -442 105 -324 271 476 290 163 559 -536 -718 713 -576 -566 150 91 -141 756 793 97 353 -142 123 313 -278 -313 -511 224 403 624 -190 -209 -259 -30 -174 -351 441 -3 212 -184 -198 160 -372 278 -452 -1400 -340 -18 364 -685 -661 60 63 -187 -240 119 -116 -617 -338 875 319 -226 -589 -167 -721 -235 85 142
-334 -186 -599 -72 225 -339 53 151 -69 61 567 -551 103 -282 21 -553 -265 73 110 -647 79 288 -518 -816 -90 -222 433 298 264 -426 -5 143 -253 543 -464 670 -403 -22 340 -740 -63 -294 434 1021 -27 382 495 -274 609 1158 -168 379 122 -768 -726 -332 337 7 224 -30 117 -160 -176 34 -297 -540 312 124 97 -273 117 -876 -53 262 -124 -336 25 -268 -179 391 -94 997 -283 125 205 309 -168 338 142 -493 507 -529 78 -752 77 489 -1000 393 125 126 191 -298 -173 550 18 -222 -627 676 -285 172 -307 766 328 -77 -107 -374 -455 -182 -328 286 537 340 -438 -454 -30 543 539 825
48 -634 -300 -182 433 1216 103 -364 27 234 495 -750 78 293 -853 839 -688 -817 -289 -349 449 -461 -153 -601 -239 243 1124 -570 378 -150 730 -828 -517 363 -563 364 -456 -430 -221 212 213 -248 -24 129 -6 -781 -82 438 103 3 -334 -138 362 194 -750 -388 -36 -444 -383 339 31 -14 443 -705 181 551 -374 530 -376 525 526 -147 239 524 281 258 -165 -593 42 607 19 561 294 -190 152 319 169 -922 -187 -21 232 129 -898 -274 -230 -294 -133 305 519 -319 587 319 -161 -119 251 354 -86 -98 408 -83 -475 -42 -695 -116 -106 -299 -579 -33 -429 -694 -596 438 132 -121 -387 440 -30 116
-215 -570 -55 -379 364 -171 -121 -492 92 129 417 147 -381 -588 1316 454 257 -180 -23 -15 -613 182 527 104 215 -218 -942 418 -269 582 -23 694 161 -511 -326 -204 -709 335 -268 -277 -209 88 128 -724 93 -409 -42 -113 -355 -77 30 421 127 436 484 158 490 715 -574 -56 -151 324 -275 -142 -273 -364 1001 953 -645 -239 54 608 117 196 576 19 628 -315 -460 139 485 72 219 -32 -552 -299 11 706 -392 106 -244 -382 74 71 107 327 -46 393 675 -511 -353 -609 470 134 -229 -468 523 -268 -128 235 -28 -156 -274 -84 386 -105 -944 -38 476 242 420 356 -516 -495 -853 -294 501 -180
-277 161 46 362 85 -492 101 -479 597 -90 103 -657 -55 -56 9 -484 -569 -38 -547 104 -307 160 431 -598 -598 -43 -382 501 -248 28 399 -377 265 -19 -326 228 -378 -101 -227 -424 -434 622 -486 -113 360 712 -277 66 -395 -67 76 -146 -344 -287 78 672 -54 53 -39 -394 22 -611 -379 -322 -493 -681 406 -382 -122 45 4 384 -84 400 -511 -342 998 375 458 -281 -623 -164 195 -495 64 -91 -812 375 -341 540 76 -509 -71 -262 -212 -667 -118 681 87 -34 -77 121 97 268 -24 98 3 -316 400 -475 -167 460 105 -377 605 285 -242 -183 208 -504 81 -302 -152 -884 -54 -32 347 -171
-700 -1042 -425 -52 -502 -494 -586 268 -212 -688 377 -537 177 10 -312 -431 79 -593 43 -188 131 -454 -254 -5 -54 -100 -84 387 69 -674 396 1227 88 -7 -2 287 -171 193 -421 39 538 -119 -347 353 -343 -283 543 -361 -760 497 337 -121 361 -659 278 49 -145 -522 263 -504 531 -656 -453 412 -109 -389 -480 -177 11 191 23 -71 -543 600 -1 -172 346 611 72 -581 -732 -303 -1157 -34 989 -190 -400 1 -11 -200 107 178 1015 27 684 63 -982 27 -316 -107 850 -216 -593 1096 -122 -55 -459 183 -380 471 -133 684 229 46 -514 34 -192 -564 -730 1310 -94 -266 561 -196 347 294 116 820
504 322 96 -156 256 -309 -521 -537 250 -103 -380 -147 228 -101 137 -567 -436 617 250 -379 -291 -471 -644 -387 -338 -124 47 -49 115 -105 -396 297 256 -362 304 -269 -339 177 679 355 396 -120 867 308 -240 -132 -529 362 177 -410 -247 -103 165 24 -466 151 -630 -128 88 147 -53 -210 571 -629 544 261 658 -129 -241 4 505 370 -442 -122 554 -47 22 137 424 -185 990 291 505 409 -44 -878 302 -185 -279 197 261 -94 690 -346 -89 986 354 -327 -238 -378 -305 682 423 -10 218 -408 229 -192 -529 88 190 -335 -213 3 364 -454 547 329 1125 -469 -145 513 661 261 399 -250 -355 -313
827 127 412 -103 409 -515 372 -51 -135 738 209 -733 796 207 -266 187 -175 71 -72 -555 389 129 272 127 358 -305 -527 -46 -48 -22 36 446 -92 523 -530 244 -505 545 -569 -386 575 -186 -19 -3 -313 -181 -626 484 188 -307 72 -37 258 -46 -101 -362 -639 -15 300 -340 -17 -50 461 -553 733 125 -558 198 -263 267 220 -395 368 -63 -249 -52 -35 209 -308 197 273 -565 12 139 74 496 308 -745 -36 486 -237 106 -111 -344 -331 -43 328 553 -394 -586 -599 -501 136 -342 298 -228 -448 -175 612 -73 597 348 575 871 597 -153 635 -751 241 -609 -220 -151 188 -280 749 223 -370 -98
-93 -181 -241 -90 -282 -306 -38 -178 17 418 -486 438 147 747 98 169 186 -360 -94 86 -498 641 497 675 176 -295 -369 -313 490 -284 -774 197 -217 -89 -142 240 269 -590 -220 -402 -388 498 41 103 202 283 -679 -310 1253 82 -704 -1229 -231 -71 -115 -535 -461 -82 103 114 -51 -41 -537 -69 -68 -341 -664 -139 73 245 -557 -247 -304 317 -604 -81 -353 -762 194 366 113 97 328 402 618 378 -49 -886 -415 111 -494 -481 -256 624 255 29 237 463 616 784 -72 -368 -279 -182 -311 -139 -85 534 261 65 496 374 -446 728 34 -884 -597 -274 812 -1055 108 135 -781 123 344 -836 195 -307
-197 151 -322 1 -7 -1222 -156 -456 -374 -872 -484 290 -607 57 282 -660 -554 733 -468 245 128 817 -375 -387 90 983 -206 -129 99 172 -427 -438 -143 -494 -11 -173 190 -214 361 -314 104 500 -258 556 618 342 -537 34 177 -1092 393 -767 -137 -53 183 -569 -164 561 -344 -114 554 221 -119 270 216 452 -465 -298 220 -1005 59 -338 -1042 166 744 -190 113 -585 -177 -579 250 -523 -456 156 587 99 -502 -58 523 34 771 321 1193 518 372 181 312 -806 147 -533 -134 -90 419 316 -846 269 760 393 598 -472 230 -68 -239 76 231 -172 -222 342 -216 404 -210 420 450 -42 -206 -228 -155 -638
188 -88 -222 -915 -799 55 -508 -342 -607 353 -94 355 -572 -265 526 23 -285 -130 -170 -398 -299 201 380 -125 12 430 -473 406 -88 -456 -514 323 -640 -499 -56 84 161 340 45 -220 177 104 -312 -259 258 226 343 178 112 533 440 330 -287 205 711 -718 39 -324 147 -235 443 -412 -137 -437 299 -434 121 182 120 -853 3 342 168 97 632 521 791 -240 224 156 172 366 43 83 -167 -269 120 542 -480 -377 453 327 153 -446 585 -80 122 -263 461 -74 -130 -166 507 -390 -106 -283 -149 -209 480 292 -253 717 -323 -825 -920 126 -129 -78 -110 334 -676 -322 -13 -223 -613 -633 -80 -952
16 -245 -217 631 110 97 208 -615 25 -466 -366 -339 5 530 -205 176 -125 502 207 -427 437 738 454 244 -493 -271 -1107 -493 484 83 213 531 -343 118 207 148 -579 393 -241 450 280 1661 -105 706 1029 583 329 -272 -971 -209 212 -79 -341 -1 166 84 -211 -737 -163 -483 -127 309 -450 602 121 -478 -228 170 750 -343 -64 -287 385 -235 414 -259 -224 -192 -174 24 -396 -216 35 -358 -359 -549 125 249 -83 -375 59 460 108 -578 158 -98 195 91 -233 830 -50 265 832 0 -112 525 433 -262 1010 114 373 900 490 97 145 308 38 -28 130 97 554 -434 117 362 270 -42 -339 -896
340 208 -228 -1044 325 -90 838 432 416 347 469 -189 -480 -203 -494 190 -193 -462 128 -593 22 -684 -74 39 212 383 58 -150 -92 -103 -221 595 -47 0 12 761 -180 -25 -541 500 83 96 -5 -42 -135 -217 -598 494 -64 21 92 443 335 -405 41 152 -311 278 195 -364 -76 -697 -405 -4 94 420 -501 -435 -94 -403 64 376 -97 311 72 -298 -332 -609 -256 26 -80 -423 82 988 313 -160 155 -152 -150 -462 -105 403 -333 126 259 141 -344 339 254 81 395 454 -292 221 246 71 -639 -346 -124 -368 94 206 137 -54 -293 33 -156 -532 -298 393 62 89 -313 5 137 -126 -440 -227
403 -169 419 594 -647 -68 -340 -153 -270 -118 165 -38 463 -200 0 -17 -267 -52 95 -364 -303 -32 -660 -147 -155 246 -173 304 -655 434 -226 184 532 -246 -847 -399 -392 -360 -327 -64 -352 -16 349 -317 -93 -52 253 555 100 -566 195 175 -168 89 275 900 -862 -352 -450 -536 -65 -468 -61 303 -792 465 234 -83 234 -30 488 303 7 -101 481 -135 534 401 -238 484 31 214 625 -36 660 -293 144 84 -204 -279 105 -205 -741 -250 -402 -49 458 230 128 530 -822 258 668 -890 688 -1057 198 -191 165 -294 -51 211 -430 626 227 -108 22 524 448 597 98 -219 27 212 782 -6 633 -678
544 229 -158 730 -200 -146 -421 397 -311 -443 429 483 471 11 -314 -368 -26 -104 -66 561 -123 -227 37 -132 -73 -586 -89 291 830 -704 -1007 -175 257 504 -234 231 -320 -243 214 -102 -64 -14 -327 -272 179 213 -386 547 -348 -633 -325 -748 -403 524 674 376 -762 -612 27 -31 574 15 -754 2 11 -256 -256 -479 23 -247 216 -341 -59 -141 299 642 -229 -323 -89 176 167 417 117 68 403 -369 309 -147 -841 107 144 391 -267 -191 182 -239 339 435 -110 298 -268 -207 526 -71 -603 -142 -130 694 379 -646 185 480 -460 -155 -102 306 -193 -224 559 -371 -166 -144 -28 260 730 147 -871 -349
154 -360 157 396 212 154 140 -269 -6 45 -91 144 -59 306 152 -275 411 949 418 355 -194 -261 415 447 -335 -531 77 -591 396 1055 -381 865 -395 195 -39 -608 263 -198 41 37 -430 138 -21 -43 -187 -252 64 350 279 178 250 -777 -574 230 -333 -89 -20 -1090 -406 412 -32 -786 -901 769 441 -257 -37 -360 288 91 276 -751 -119 -291 -440 -620 -337 209 69 67 82 17 -376 525 2 -26 -245 -557 79 -65 50 70 -605 -161 154 -663 9 133 412 236 -401 504 -73 -253 -46 -11 526 512 -285 542 -232 -753 -358 276 -78 -188 -144 -202 336 -152 423 66 127 286 3 -91 -268 604
404 -89 -715 -84 625 103 33 -255 -202 70 860 219 302 1322 202 738 284 -264 126 265 -343 422 285 341 -761 -75 -442 -244 -568 121 -56 -383 -503 -299 580 -177 419 -515 -293 74 -216 348 75 -102 -113 -358 -490 11 -230 85 -59 -168 53 -115 918 711 -238 -832 461 315 319 671 -55 290 -220 -324 -23 -79 199 44 -38 -556 655 89 -147 -230 46 458 317 -429 630 -44 285 -599 -168 66 446 -390 -427 -599 -309 -323 -510 -52 -539 -2 833 -550 -267 -285 80 803 505 -195 -60 849 374 626 -106 -52 -133 -627 -33 -624 -42 315 14 -201 503 -130 -915 288 262 -441 172 280 -214 -435
-158 81 -601 -802 446 -13 517 -18 -274 214 23 -308 -227 -756 94 -499 120 112 -312 -196 -314 -156 -419 -37 244 -454 132 -311 389 -358 577 43 -692 -384 616 115 -344 -289 473 68 412 -400 -409 131 -146 -921 146 153 -618 -194 -71 458 10 276 -361 -406 143 332 -32 327 -187 120 -197 -182 190 52 549 355 32 -551 -605 329 610 -114 814 48 587 917 -507 -254 1278 602 -33 410 -784 -612 -359 9 -187 605 -624 166 402 -208 380 227 -311 -71 392 -372 -450 8 687 430 121 153 173 -535 33 -195 23 -110 -292 -785 80 -278 125 -91 398 269 246 348 132 -196 -1248 18 -50 548
-26 -42 253 569 -90 -161 -531 264 368 -381 332 -234 252 83 -285 -510 -66 -239 258 -85 37 -154 -129 -943 130 559 -117 -363 -76 -591 -276 -466 437 824 36 -191 -150 93 122 -434 -27 110 -16 689 930 -5 -178 51 110 149 -29 -397 84 -62 -489 -451 -231 -723 979 -250 518 -545 43 -208 719 -104 -404 -92 -304 -322 231 -78 -436 -420 -439 -362 -619 478 -524 98 244 -68 94 -636 79 1285 80 587 -95 39 320 452 958 246 -221 383 420 241 -117 -119 840 -131 -587 -252 -105 69 -1134 34 273 264 128 413 37 726 470 -428 350 -335 -207 -474 -237 4 39 271 728 583 173 -342
-556 -458 93 -40 -653 26 251 630 180 -825 485 -264 -12 407 37 -251 68 -386 474 33 -302 -888 346 294 -265 126 110 24 -60 -553 228 169 54 -24 123 283 787 323 -114 -189 -410 64 -566 -80 -891 24 -80 -88 193 -129 115 -135 851 -371 260 -125 622 -80 -218 -424 493 -382 -1162 -282 -523 -45 333 408 439 -147 62 1120 -3 557 -175 -235 187 -95 11 -916 180 147 -765 -257 239 704 -163 112 -237 227 -34 -118 673 480 117 173 -593 64 378 -147 757 138 -784 506 733 -658 -88 139 -135 204 -90 -356 313 223 -641 491 -346 71 297 -306 313 -658 150 -1331 -65 47 -184 200
182 -743 -328 -478 592 304 8 49 -223 -4 201 -306 165 429 -509 85 205 -5 -531 -643 558 353 649 -400 464 483 175 120 520 -65 130 144 -51 -525 6 119 -927 -56 174 -515 -545 31 203 71 382 273 -147 -234 379 559 -469 738 -443 -480 -162 -329 -250 264 50 -52 364 -252 237 -881 155 24 462 954 393 216 641 565 -795 256 146 250 259 149 -130 398 206 207 794 243 105 171 -245 172 -240 -74 -194 -44 -128 -513 -538 -99 270 876 222 215 -615 -654 -42 221 -291 -240 64 -850 -332 660 -516 610 -282 235 48 -224 -181 -245 -397 -104 368 340 630 190 48 15 841 457
-230 134 -405 393 416 296 57 -604 329 423 -929 -286 -395 42 40 532 -802 728 -140 -526 -179 338 -286 -125 331 -109 262 160 75 550 298 -87 171 89 -194 -120 4 88 148 461 104 -23 -130 -439 -563 -307 226 -332 -290 -607 -335 207 211 -401 -35 463 457 244 -290 61 -150 781 319 325 -194 480 -441 33 284 -5 -244 -149 30 -418 357 17 680 -686 254 -136 212 -430 -207 -233 -787 -133 -542 -317 556 -459 365 -796 -559 41 -298 -423 -283 -358 -93 -223 -243 281 441 -230 -367 431 617 356 -579 -348 563 -418 -522 430 -671 315 -400 233 -458 41 383 47 -423 -131 -422 -131 -411 -950
158 -475 265 -276 -170 387 -679 211 233 96 313 368 701 836 -486 188 -75 -227 -156 377 -458 -304 460 -189 -852 -182 -375 971 201 -286 324 -600 -125 304 -275 -34 -88 -153 72 -688 -220 -118 -245 357 -76 378 574 -233 -240 554 -414 805 -559 -330 -103 -450 -800 -386 392 68 68 -310 417 -628 -210 -491 373 22 625 -316 18 -665 -246 -401 -184 -122 -529 130 -400 421 -150 -605 -729 382 151 -30 953 811 -517 1054 56 640 530 -293 -14 -228 -163 -20 -870 31 354 195 -6 337 -214 -49 -863 111 211 82 -295 1192 -860 1090 226 -5 -300 -420 -40 -440 -152 -435 -395 228 228 107 673 25
14 349 -794 -56 480 192 -77 351 -591 -722 669 -164 -456 407 -197 763 -533 -338 -149 -698 -190 -426 156 133 284 93 279 -198 -545 199 449 4 -62 444 87 157 -472 -200 -916 -64 395 -774 169 -657 -802 -173 392 206 -801 236 -137 -472 299 -757 -76 243 -135 -267 14 67 541 559 505 568 -272 228 513 -517 -319 305 330 -583 471 -111 82 229 52 113 161 -607 -328 -208 33 -1101 315 219 54 -368 492 44 649 -134 -408 -427 -4 538 119 405 198 -347 1024 77 527 -307 361 698 -157 426 -308 -26 -60 -437 51 -777 -697 35 -569 -295 140 829 -298 201 574 -393 -259 451 296 952
16 498 466 212 -268 -469 -549 -583 -655 -96 -454 133 383 489 -68 -366 106 -660 -774 62 -17 -128 69 -330 -43 -268 -102 199 -15 -776 -430 -444 484 -56 -10 -74 138 136 445 -158 696 -189 -121 588 1 146 12 -228 818 42 -59 -243 -503 -397 253 -327 -851 -447 186 -396 -338 2 500 349 645 -210 16 198 -235 -168 145 -115 75 447 75 -261 512 75 141 -399 203 515 -408 -50 924 95 -197 470 -323 -18 422 402 -92 46 953 -34 296 -233 249 -59 58 345 378 516 -216 -233 -928 -8 -289 -461 208 383 -207 -229 -217 13 -224 310 838 183 -608 -95 711 -167 -39 -47 880 528
-55 345 594 78 328 337 324 -376 -99 -481 -415 99 -163 -527 -39 48 113 -415 -269 -469 24 357 388 653 -44 -234 479 -53 -704 -318 -347 -1078 -824 83 264 127 446 286 52 -213 -50 -88 181 165 -494 -410 874 1 278 -18 -52 114 -443 667 -40 -656 -731 -125 -426 790 -360 -92 -377 23 504 -135 -131 -527 -360 -548 -778 -144 739 465 -235 320 79 -322 -362 619 500 160 -128 138 416 -100 -365 -229 426 -284 208 693 356 -213 -546 -813 -184 -120 861 736 -43 115 35 -211 -357 653 344 111 285 676 458 -158 140 16 366 -49 -686 -537 -1345 191 223 162 578 46 486 -898 102 -186
468 523 -365 -355 648 567 134 332 82 -401 -349 -7 -356 565 -230 -185 -485 -306 -226 210 50 -150 72 -392 -285 465 56 -24 250 -136 -455 508 366 -40 158 371 401 -332 -292 -506 -674 -668 -352 338 -687 -949 -560 -422 -453 -472 60 -339 151 344 261 440 134 461 -444 46 -327 55 -224 390 -143 -310 -72 484 244 461 -159 559 789 349 -896 -555 144 804 -396 -618 -377 -413 -33 -220 -242 -99 347 -806 -187 98 -14 -197 303 -13 98 -470 -881 184 -52 -326 -186 -808 155 -264 291 -133 323 1 553 443 505 -696 272 -384 -587 738 305 424 -205 -425 112 -268 259 66 -462 -460 75 -679
287 -608 687 553 -435 -529 150 -67 -455 242 -54 -294 492 -971 907 -243 -247 361 347 2 -1031 57 70 66 -152 778 294 793 556 681 -729 -247 43 571 277 -311 29 135 -732 -827 327 655 -508 -148 -155 421 531 -257 640 23 408 294 -278 -791 256 -155 317 298 -282 -161 -158 -507 -343 -254 569 34 -416 1347 788 -111 -60 -620 -27 21 -97 -119 80 68 420 45 491 214 695 115 -671 371 -635 -255 -432 1253 -219 319 -412 -617 -442 367 120 125 488 167 -1403 -203 784 503 -472 -380 -390 617 908 37 -298 51 124 772 -7 -139 185 401 18 -393 106 -329 -605 391 -403 -63 -88 -466
550 -85 -266 -345 764 374 569 -787 -637 -279 -426 138 1102 -284 -431 -386 525 619 799 176 -782 725 -423 -205 -340 -287 241 203 117 -214 -233 -44 -492 -84 -360 336 287 175 111 320 -231 -326 -764 72 -146 -162 289 -674 -15 -516 -718 82 162 391 122 329 185 313 115 597 -249 -250 196 -567 -787 177 483 192 498 -4 -89 170 64 247 67 -284 139 -542 331 -228 395 42 -201 263 -380 -402 -604 101 -205 -581 204 -158 239 -356 73 970 54 454 629 890 405 -174 -400 249 -197 95 461 -143 151 -343 -139 112 138 -633 -854 61 153 270 239 -206 580 -399 654 55 117 -338 -752 -237
-489 -388 387 -64 -348 -284 -363 276 -1111 -150 67 -331 231 -77 510 76 513 -181 251 271 -281 -543 163 -180 -201 320 104 747 313 131 -244 196 117 157 531 -645 680 -222 -264 -977 5 74 223 388 -512 637 325 -191 -7 577 52 33 9 7 -169 -378 479 243 253 482 282 -635 -258 -292 -4 -10 365 416 1060 43 451 -324 -224 -446 -631 -251 375 643 553 480 350 321 479 491 136 -372 181 -358 435 464 -721 569 -269 107 217 -263 163 139 -424 253 -517 -148 37 -62 -93 -690 -82 479 529 238 -290 127 469 7 -691 212 -54 -11 89 -10 134 -802 458 930 -182 -38 -707 -228
-176 574 -216 356 394 -292 -468 -186 231 -600 -9 -53 237 -13 -244 21 -849 964 144 -250 -327 -525 195 -263 219 -324 91 -29 -410 253 -334 880 -391 360 -304 742 -774 -590 -373 320 748 323 -571 -563 509 520 -346 158 -206 187 207 -290 260 -400 -541 215 152 -311 1 327 -342 -218 835 279 254 -177 -30 -373 154 186 691 406 186 754 -48 -477 284 -89 -363 171 12 -24 -38 -344 -288 -227 267 -273 109 -214 459 284 -207 183 737 618 919 130 -259 -497 375 52 904 -551 -327 712 -216 -84 -85 154 -329 158 155 56 554 -517 153 1162 416 72 -309 -730 -429 -453 -100 -212 -92 -291
276 -174 388 242 -392 -562 -302 333 -234 -599 901 -191 356 4 -100 345 243 103 -469 709 363 277 343 -113 -502 -14 -534 -418 -194 -520 -20 -617 313 368 -198 -26 569 101 478 445 -181 -258 115 498 -122 -386 -24 -710 -304 -402 380 -664 -185 207 152 -468 -366 -776 -30 171 109 343 -586 223 -276 -330 -431 252 -370 16 115 -764 -438 3 -254 -82 -243 -82 -727 -205 -548 568 6 -1039 786 573 140 -582 -95 -999 386 447 397 398 92 435 92 -614 -176 79 884 655 332 -100 -721 1119 -315 41 106 159 704 101 -6 -85 174 340 -220 124 396 -455 -295 178 730 -307 -432 680 -602 294
356 248 72 201 106 -24 256 111 -169 475 115 -112 -124 35 -257 -351 -234 104 -389 654 679 124 54 136 -749 239 -595 -1042 -411 91 72 -3 450 -143 -261 720 -150 608 637 -605 283 361 -72 -188 474 514 -852 196 363 -457 -267 -171 -140 -544 101 -2 -1006 -96 129 341 -90 -371 103 106 -318 -99 -518 309 251 386 -470 -157 -589 349 -50 -83 -96 -468 119 -319 100 -347 -255 -659 251 283 -13 259 -815 -359 618 88 -88 458 147 -494 173 183 857 45 386 328 408 -268 -394 71 -132 -200 29 288 -46 212 65 -273 242 406 11 268 61 -369 -429 5 -460 -298 91 434 635 -114
-282 -104 -70 224 247 116 232 265 -794 -506 -333 -290 444 308 -352 -252 -198 -139 1303 -199 -449 -23 -583 660 -141 -448 96 286 484 -286 362 446 773 -600 785 369 -544 -632 -89 537 -10 -628 -67 422 -971 464 422 -563 -206 -238 -1131 309 267 302 -216 475 89 752 -340 774 224 39 -291 23 291 -162 186 13 441 -109 207 430 100 -332 -71 -204 -621 347 -288 -12 193 -759 87 701 -22 -458 -204 557 51 229 -624 -210 454 -195 482 520 -328 559 -722 26 294 -379 -619 727 532 -661 327 503 -510 -249 4 -63 141 52 -599 468 -73 201 163 -378 534 -379 -585 255 377 -86 -424 599
-823 731 -237 -393 80 681 448 175 -217 1072 -223 84 -623 -83 -62 610 -44 126 -223 -284 409 -263 -489 397 102 -616 406 -904 317 -411 871 -212 -432 535 -338 -291 177 -597 -98 641 115 133 206 -97 465 -1098 60 -57 -96 67 -1266 58 -422 -177 -572 -5 588 33 194 703 -296 348 -426 254 -223 135 301 -16 -69 637 398 -417 395 144 317 124 575 -302 -208 47 263 849 892 -320 -93 -154 -842 -544 -137 1 517 375 -568 -751 -436 6 -464 -307 655 -170 257 39 -203 511 -391 391 -62 -98 -168 -442 -251 -313 202 54 51 425 544 -535 322 -283 310 987 88 -516 -583 -177 257 37
139 -392 -14 -174 -128 -55 304 496 200 315 98 457 261 152 -613 -415 357 -84 -208 76 -26 545 -412 237 152 106 -398 -410 12 126 67 -24 86 140 4 -125 -349 270 448 514 -167 -216 105 889 487 -164 377 -380 -90 371 472 740 -345 453 258 25 196 -601 814 101 -111 -213 -146 171 584 -323 -161 -217 425 -754 -443 185 -18 -188 31 441 331 -22 510 313 246 240 -527 229 -323 558 522 409 164 -333 -74 76 -39 -566 -504 92 291 579 621 275 -30 -43 -202 397 239 4 -380 192 -1390 383 170 -262 -215 307 -132 -179 137 468 95 191 -336 220 -14 -308 19 47 919 316
72 198 288 -570 289 290 190 571 161 94 360 -223 213 -211 21 -450 -58 -308 -292 509 -144 -360 490 256 -2 382 157 -673 -1156 171 -691 -272 475 69 339 -327 214 130 38 -163 646 -364 189 467 -141 183 -268 -42 -176 374 354 -274 -171 347 -590 -162 -1005 -724 196 -224 101 -320 205 869 40 -453 -367 -158 -592 -99 524 144 -36 133 -453 -201 -151 -239 -360 60 -162 -121 -277 -99 -152 566 405 -402 -699 -232 374 606 264 666 -83 -354 -117 -1019 175 -564 290 187 -912 -132 85 428 7 -272 -74 665 312 -28 -296 -177 257 220 132 -326 -875 -46 -625 -1 295 -203 475 -77 266 351
-592 -41 -279 -264 158 166 597 -807 -104 147 -475 247 29 -280 1517 99 600 24 4 -60 -69 119 -1093 355 295 195 -272 -775 282 905 -403 307 465 -159 -78 99 -15 1005 -309 535 407 -84 512 607 -171 -389 203 265 36 -455 440 -82 257 600 557 33 174 169 -240 82 -619 129 143 302 171 -187 -128 -42 -350 -795 -276 -269 -16 -178 333 -95 406 -280 426 705 182 257 -442 1491 -657 153 105 -223 597 -90 -57 -91 -119 -134 97 224 294 -11 237 296 -94 524 -87 -617 -695 574 -226 367 359 6 535 -324 140 636 -429 -17 -125 -53 11 -353 -516 -83 -97 35 -324 -358 160 -543
89 203 467 -136 250 -37 -673 -99 -244 456 -392 -398 149 -17 -608 114 30 635 988 -205 3 233 -383 467 -831 -861 124 -17 266 125 593 831 287 274 -133 -139 -395 -193 -694 580 -451 -104 95 350 57 189 286 293 -150 99 -253 201 789 532 -316 670 1542 481 628 349 -253 386 -165 245 428 -10 441 -261 654 -240 -127 -131 298 -288 -38 -508 -85 305 -447 -44 243 119 355 864 -710 -299 -484 -574 297 158 350 -17 -152 -87 96 477 432 -148 -568 -314 -498 -648 -374 -357 10 -389 540 -75 -575 583 -405 -607 328 625 -35 186 429 256 41 55 385 457 633 -78 204 -112 134 0
-457 76 923 239 -53 307 -251 118 -626 238 -622 696 -539 454 575 -21 -31 691 418 -105 4 59 306 205 -200 218 130 495 1011 742 629 3 75 -362 -151 -426 -168 133 331 238 -368 798 -451 -5 355 99 -502 -457 68 -93 -198 302 -870 -526 469 -874 476 60 -7 471 27 -514 -160 -149 395 309 -557 -244 423 741 -112 1057 369 148 -293 -488 -517 -434 -57 302 -175 38 578 105 212 -48 -571 -100 -377 10 807 177 -249 -450 -530 -429 305 396 199 162 -44 -4 245 146 -208 -1775 318 -794 592 257 -629 166 -397 997 612 -298 614 147 -641 -502 739 -522 269 548 1108 -303 248 -298
281 -1 -462 -678 -107 23 625 -402 -321 545 -1012 785 -184 341 169 -490 483 406 152 -267 -416 -126 189 49 524 238 453 -344 78 145 -27 -288 -252 -875 302 -74 -64 36 67 118 633 -54 169 49 79 93 -404 -14 806 -125 -196 -73 -27 -1008 126 -170 -93 269 255 -204 -780 -42 519 -200 -6 -346 275 788 613 521 -451 -59 -43 662 559 324 429 508 171 -128 384 287 48 99 -303 595 -1153 108 175 -801 24 402 -573 -188 269 406 427 540 48 419 -798 -266 1078 280 -501 -350 -215 93 -37 -278 212 823 263 -186 -712 -103 1021 399 -333 -550 -887 -24 -183 -288 3 346 222 -378
124 -251 375 476 -158 347 -268 -277 -436 -484 295 247 182 228 -74 626 -585 129 -124 -801 -45 -143 -353 184 76 917 19 -236 -67 -223 336 175 395 115 -265 805 143 -589 -675 326 -167 123 -272 -482 -242 -369 -193 -309 -651 -194 392 916 137 -78 272 -388 55 -75 290 -29 612 -69 -494 -37 364 695 -547 78 -601 334 385 -108 503 -517 -454 -224 -835 497 88 -320 -991 -430 -375 -399 -1 454 264 -144 -92 -736 165 25 -43 543 -282 -364 -638 -408 565 -23 452 390 -360 383 -477 -251 -494 428 -241 -493 115 48 195 -552 -620 -200 832 -345 -875 25 325 -273 -159 -334 738 184 -184 -250
-320 -409 -610 -191 326 423 -135 -205 -394 534 79 408 -344 299 -146 -410 183 -10 -83 200 -297 -345 268 331 204 353 703 712 -796 -399 -494 -320 -421 -507 -103 90 -573 29 -644 -44 -77 98 -303 -303 27 416 476 -680 -189 -56 -196 207 337 -38 -367 -20 -266 70 -320 -865 302 40 -242 305 -815 26 -266 225 -76 -170 23 316 -31 152 933 -282 -342 153 285 -67 89 -27 242 -213 229 -7 -665 361 275 -231 302 -399 -187 -156 178 163 342 -800 -299 -90 141 520 -129 353 187 -676 -798 -162 -267 -294 -906 -150 73 197 -446 210 435 188 -196 -287 -337 -1102 -311 14 -279 465 226 -286
-50 -93 505 98 153 -29 -525 -491 -251 -35 -90 -467 -46 778 571 -283 -304 -282 -55 -504 356 15 -811 351 -290 -226 -194 37 -246 -423 -16 648 1107 -55 -644 -78 -99 407 -317 341 -237 -1154 214 286 -178 406 579 -262 384 -308 -421 -522 6 -277 -142 676 489 -357 -1058 -80 -425 -371 118 691 -1097 304 642 311 -92 373 190 82 26 -318 627 -158 241 -250 64 439 394 298 49 103 306 214 -201 18 -648 -654 -67 -483 -499 25 -85 -198 121 -152 -406 -249 -184 304 114 -317 359 -352 -159 -209 104 -722 589 -174 86 -245 -290 569 166 411 203 -422 783 127 352 -1083 -314 212 -1030 303
587 -710 -422 46 141 -165 321 56 149 302 653 -674 538 -319 -877 -26 1017 -116 -530 -525 281 -446 183 -290 187 -195 -245 -572 -843 236 -669 -489 -400 678 -184 -48 678 593 -477 -736 265 709 125 -149 -216 23 1005 -431 -170 260 695 -832 46 -50 -109 438 -468 -715 24 -1065 396 -141 362 426 -245 -64 -577 173 -493 -254 107 -200 128 303 386 -485 386 333 490 184 -271 572 -335 74 474 -221 636 198 510 175 -702 62 376 -517 -689 -27 -55 -359 0 -270 -194 -99 129 303 -230 1472 -535 549 -242 -86 139 522 -423 -513 -57 7 -529 -612 76 423 -362 238 76 -301 -208 -16 466 76
386 -594 786 -103 170 483 -340 332 605 390 -604 -169 718 910 -701 -432 -119 318 407 85 126 -370 175 -380 183 451 520 -124 -201 -324 -874 97 447 -9 -218 -556 -249 -210 139 -443 -849 376 576 68 241 809 284 156 297 156 428 -182 -426 30 -601 502 -280 -286 -125 -744 -609 -12 441 12 -217 229 364 232 -196 -17 574 -25 -514 -602 607 22 173 129 193 600 -548 477 -74 -55 83 284 1033 1030 -106 -319 -53 70 -592 157 -251 -230 411 24 -649 -411 -438 323 497 -534 102 -316 235 -484 540 -540 -181 432 110 835 45 420 -557 198 282 -64 -203 98 -69 -804 87 -646 82 -1081
-87 237 671 67 452 -77 -359 324 926 -336 367 491 -728 -163 234 -206 328 -494 107 404 81 -195 834 549 71 -430 356 -141 -429 52 -294 -432 -50 -554 -72 -98 223 -273 -139 -117 -374 285 116 -212 112 -485 148 333 -155 489 -357 -766 379 235 17 253 -59 394 256 -143 -221 -89 -916 -140 1000 506 446 245 -225 -354 -323 370 274 -481 72 -154 -84 10 245 632 -275 -83 -33 132 226 -199 1304 108 -288 9 -893 -98 49 641 404 -480 402 -97 382 639 -485 -184 -17 -326 71 -329 -84 93 -295 334 -209 -175 173 -146 -117 -137 -604 -135 98 106 -350 -16 -482 713 -162 -638 342 194
-651 36 237 -85 415 158 -525 51 -42 442 -351 -118 -465 -950 -223 16 50 341 -119 280 -567 -52 -606 359 36 -688 162 200 495 -505 -120 -93 90 -746 162 277 -259 -635 53 568 692 -322 175 -587 -251 -576 70 48 -232 -303 -330 177 101 299 -164 -665 842 126 200 519 459 387 -433 -814 1226 300 18 -82 -320 98 180 -195 -4 292 882 -551 -137 463 -36 33 645 -124 -216 -150 -38 -939 -618 4 -598 163 9 -362 305 194 383 -315 -330 -337 744 -417 -31 3 -836 154 -43 200 580 344 -297 195 58 -455 316 237 -589 250 287 -21 9 -477 359 261 -213 194 -86 468 -259 377
-66 -206 602 95 -418 -741 607 -10 820 496 22 -481 401 -677 120 -485 -443 -442 -2 240 -216 462 -853 46 -371 -120 252 -60 -102 -372 -266 353 230 431 684 -285 -281 29 -290 220 238 -388 -50 115 17 256 -273 372 189 -647 733 -46 -11 672 -590 422 262 926 -141 -781 189 197 612 -463 276 368 -1118 -217 -319 -351 -384 372 -622 -543 -788 305 212 -255 -80 -288 -519 63 -251 501 -578 279 -169 -391 112 -99 187 45 -168 901 -171 132 -14 -440 -239 71 -26 269 -32 -668 528 225 303 -321 -292 -118 321 -331 346 1127 387 -222 27 195 274 -495 -233 17 856 -145 99 -119 -454 -453
270 -519 -1010 -168 43 1142 -12 -382 446 252 346 -80 749 -101 34 442 -822 -203 -1084 72 512 387 -230 663 -463 -608 -438 91 816 -194 -328 288 -309 -12 -90 -350 532 534 574 -42 -560 270 114 -278 565 -461 -190 -99 -150 -209 -879 -362 -27 313 532 185 6 -508 -7 -801 14 403 466 308 -265 324 -794 814 -347 400 -243 311 229 -193 -158 117 474 288 500 137 -112 -325 -740 247 -340 -434 659 -62 -757 263 -372 48 -524 -195 -512 -541 696 -28 -170 -492 -197 -123 260 -40 -103 142 425 -337 124 -283 -195 742 -1240 47 152 -196 185 16 -131 -260 -392 -307 -430 153 -481 165 62 -228
-545 337 552 158 1214 -229 -832 -901 -149 321 187 204 443 245 -20 -323 473 614 -129 274 -1 50 685 -516 71 -85 -163 301 -272 168 -93 -51 225 -819 -432 280 -188 -141 -47 -334 619 246 -241 -35 -345 -1086 529 -575 -795 328 3 172 -242 -492 929 -988 -56 -381 -706 802 -865 117 129 550 166 -609 190 209 -577 257 1053 -184 16 239 -80 -217 627 186 297 389 148 382 269 140 15 -302 116 -523 503 -305 -225 -471 -67 -148 591 462 62 -590 -167 -29 121 569 -280 -834 -915 496 171 223 184 432 -680 330 -250 -502 83 -326 -57 412 -437 -349 583 -65 430 352 -505 -85 631 -335
14 413 -456 -158 142 2 218 258 164 329 -239 365 124 399 -493 -673 505 125 77 251 459 -47 -217 -418 308 15 50 -187 138 -722 432 -117 15 -61 -79 166 443 -335 725 115 150 -124 454 683 191 -599 198 -606 -82 -264 -545 311 -166 402 76 -701 174 -82 133 415 -331 390 414 151 94 -183 268 55 433 -351 424 -600 -172 -35 515 286 230 441 -97 -558 603 79 329 363 -238 -100 -535 399 239 84 386 530 125 -618 29 -106 -435 -301 -178 -288 -173 -405 -355 130 372 260 205 322 456 -605 -107 377 275 -262 504 793 771 39 143 -84 174 502 1048 657 -162 -280 -341 -377
114 241 419 -62 -156 205 261 381 -235 -175 -166 320 273 513 -634 -284 763 254 -78 -554 676 -368 -379 203 128 -108 307 -602 -527 412 653 -343 9 -87 113 53 697 -314 -285 770 273 44 223 932 -339 -381 5 232 -21 -216 197 492 -281 290 -96 -532 -475 -130 422 133 471 57 -97 47 155 -208 367 126 126 -248 -67 310 589 321 -569 -350 150 -489 -251 -1062 103 -154 -164 -901 -441 238 36 43 -169 111 258 217 -1 -376 -371 350 201 -114 59 -226 265 -58 -397 82 96 787 314 -186 340 26 765 -1206 -157 -527 -540 77 8 173 -716 -364 61 161 1196 91 628 -261 666 18
-877 143 60 -116 337 412 74 -496 243 -106 -496 581 -399 520 1052 -322 86 -55 777 -146 551 -139 517 -232 548 399 112 -530 -39 528 190 878 381 -25 -58 -305 -147 520 195 278 572 -281 514 549 98 -402 426 -515 -616 -662 -319 290 -763 -705 271 683 -208 -1 -1014 -166 -419 159 447 209 -146 -360 18 970 -309 1123 636 -45 -613 -451 556 333 746 -113 214 -116 -140 112 -184 200 -859 -503 -146 135 -186 -877 -204 -265 99 -590 749 -114 -937 -35 -32 291 -48 146 387 -683 -204 -7 424 404 381 -544 106 78 13 61 -504 1050 189 -297 459 -612 -487 -1107 3 4 -639 -65 -900 -266
276 42 -340 -311 -508 70 89 19 424 273 -321 -658 239 -900 14 -62 -644 450 -52 -193 -176 -364 -204 -545 -30 166 -45 -78 362 -185 261 593 191 41 167 52 873 -135 -144 -281 185 599 -90 -337 -377 529 -501 350 422 -132 -369 -388 -564 -16 3 -443 -492 147 -675 -856 18 -378 148 -808 204 695 -798 -190 -206 323 -396 807 503 343 447 -182 132 -62 -1070 175 -865 273 -723 641 235 207 181 590 -554 -218 202 269 -224 -145 164 94 -336 -441 -304 -287 612 187 402 557 -322 -83 -381 -667 89 -375 377 -76 -792 725 -9 -126 594 414 51 -32 18 -607 -283 -162 347 -324 -162 -11
-260 -367 256 297 6 -5 -754 338 -348 114 78 -8 -252 -475 115 -99 102 -128 -82 -93 316 -171 523 31 -87 -899 51 787 -727 118 129 -370 824 -618 -658 -232 -353 -311 458 -179 605 261 919 -90 -298 944 -150 -125 839 272 -297 -42 -125 -533 32 -307 -201 -89 -98 -533 -189 -218 -17 -223 -60 -19 -795 171 311 -217 133 -159 87 -201 323 -552 -19 -89 247 388 -128 76 -431 -89 209 -158 309 627 -695 -593 -164 -253 -93 634 371 -815 41 157 -216 -400 -93 17 -216 -337 96 -228 -183 -429 -1440 236 156 -273 235 62 625 -176 -529 403 -929 404 -241 -348 4 -768 132 476 211 413
-310 -439 459 -57 -486 301 -287 -182 251 -531 32 -364 120 443 -482 517 -391 -405 41 288 -30 -136 161 -546 489 575 290 8 -407 285 190 -238 170 -514 -327 -37 284 139 360 -73 192 -162 127 139 20 509 -243 72 389 885 287 892 -104 -603 -630 -178 -21 -875 753 -308 -61 -79 552 -395 -319 -534 50 594 -296 416 539 838 -38 481 28 -331 -647 605 -122 212 710 97 -977 -248 57 327 -225 705 291 -470 -137 -220 -150 892 287 -415 -235 -289 345 -537 228 380 -261 -137 -71 -440 334 -220 -167 222 198 -298 408 390 -448 259 -162 227 -490 39 -196 -241 -534 -716 54 361 137 570
-202 61 -924 9 -147 232 -474 -310 -575 -16 -709 -174 -806 -750 251 305 -306 192 -289 -1032 61 -178 -454 77 648 113 -91 -510 655 -220 677 166 -633 478 271 -209 -766 803 775 -17 602 356 -487 -457 206 47 370 235 -424 191 21 530 549 -919 143 -160 506 -232 -619 182 236 52 711 118 -94 392 192 -40 190 246 -626 -192 -195 32 751 155 159 -399 452 380 366 211 -44 786 -109 -178 -460 -218 18 75 391 99 76 -827 -369 502 -554 -248 212 253 -173 674 1042 -106 -419 -363 -583 -187 -383 146 -128 229 139 -696 -342 -67 846 -83 123 497 240 549 -528 -98 -347 256 565 523
-4 -1045 372 -491 -224 -107 -445 352 -385 335 -154 509 -339 32 -379 -716 -723 -563 -204 236 -113 -46 288 390 -311 701 -165 -192 -64 -507 -526 -936 77 586 704 -131 231 -633 -500 -572 -155 -893 227 562 15 425 209 -131 -102 125 -356 585 -321 -533 441 435 -327 484 -385 -332 -149 -399 119 341 -380 758 611 292 19 -477 85 -685 -514 -937 -357 506 647 105 192 -503 204 558 -94 -571 -1195 656 334 36 406 -88 440 314 -257 -80 305 -505 82 -244 643 467 -194 632 248 39 418 -263 -575 629 -53 180 -988 610 -535 -288 -940 581 363 -75 390 -899 -626 -297 -622 -104 -15 84 -178 -317
184 654 165 286 -515 212 -191 -72 30 -1250 -158 55 199 -64 212 -593 -440 111 613 328 325 76 -481 -348 -295 -153 -189 218 51 -731 -529 92 250 620 9 266 341 92 -40 -98 146 310 -349 991 577 303 -588 -4 -213 -868 -84 -628 -555 -337 364 -3 -220 223 27 -664 584 -534 -34 -391 -63 247 -997 -181 394 271 -1107 -211 -26 -385 -452 -455 396 -246 -1131 3 -161 129 -635 -147 175 -28 376 258 -430 -718 304 510 569 227 521 189 -102 444 -25 -218 174 -609 498 -109 -227 -77 -97 417 424 -170 135 -229 -621 261 168 117 -322 185 598 12 -263 -1209 -210 -65 627 -66 -377 -728
906 207 -385 -416 -385 -502 -359 -263 -67 801 477 194 340 -139 -616 182 -326 -270 24 327 41 449 701 -87 -618 31 -429 -238 -359 236 -51 -1077 -720 -321 63 -242 -13 -374 439 -113 161 557 -382 -158 379 61 -414 312 246 -38 67 -4 -294 252 71 907 -806 -404 289 230 -260 195 -80 -230 170 582 -516 -328 627 -1120 -249 -1102 746 242 -377 -300 625 -194 -102 177 -50 351 -47 -260 292 429 189 -36 -68 760 135 316 72 -102 249 -117 1417 471 295 281 243 1067 134 -579 462 496 -735 -671 -845 -393 -554 381 -1036 531 -144 -426 -496 250 427 -417 -187 55 -63 469 65 786 213 33
-20 588 487 176 33 -30 -234 57 364 -105 -90 288 64 547 88 382 -537 -632 -227 -172 -65 -834 -749 76 141 -208 -130 177 402 -630 -666 119 252 354 -244 -426 -51 132 142 620 -88 -302 35 -367 -349 -765 258 -239 -408 306 -343 -533 87 -1103 142 611 198 -729 -286 501 450 54 414 -225 872 -100 468 -593 -179 609 296 395 331 -192 -519 -6 -320 140 318 617 165 491 221 386 762 -40 114 -339 8 406 -87 -269 -260 127 -241 221 -716 -239 323 232 -186 543 177 -167 590 -480 -316 581 -84 -180 -405 -291 -80 725 -498 -486 -224 -282 505 -50 73 312 -182 425 -659 -394 632 260
-192 133 303 -546 368 -103 106 30 33 373 -282 -210 98 318 897 -157 271 -175 263 -316 662 -49 327 66 2 866 693 -514 -526 619 949 10 71 539 27 885 -761 -12 -223 174 -333 -55 -379 -14 336 -404 151 800 -14 11 -203 115 41 -512 -475 99 -461 178 1120 -277 194 -569 -576 491 585 55 316 -426 93 -241 -438 108 173 77 -158 649 -298 -382 -792 -789 -281 -824 -777 553 -18 921 -110 268 -483 -245 487 65 205 -264 83 214 -280 553 -961 198 814 -688 677 367 374 52 -63 295 577 -126 26 662 339 237 -1294 -115 14 -795 -964 -21 -684 -306 290 49 1006 -355 68 49
43 -239 -559 803 319 150 -912 -511 -327 -237 651 510 76 360 1000 729 -167 -52 -3 4 -478 611 140 -230 444 282 591 -144 133 -93 234 -313 -802 -58 463 -335 -86 -376 147 92 -100 51 -333 -719 -201 97 902 -506 -84 747 -128 -17 -143 23 351 423 241 -176 -971 821 332 -764 94 7 -416 360 -340 -43 -84 -69 226 766 206 -515 -355 177 -46 -168 246 639 438 205 509 -422 278 113 -39 -422 477 25 -928 -439 -362 -188 -646 24 -483 -349 -89 393 -366 1087 387 -395 135 91 480 -195 271 453 -127 94 -114 -245 -87 -589 -27 202 265 -352 -117 -107 264 169 745 -524 406 598
-242 397 -260 195 171 -101 -416 390 -380 99 -125 783 -571 385 1252 142 -544 560 448 137 -208 -155 759 -537 488 839 261 -430 -67 330 -29 -105 -623 -357 582 29 518 385 378 -509 -107 219 523 -123 498 445 454 3 -300 36 756 57 4 488 256 194 -275 171 -304 -44 243 -444 -279 516 -524 -481 451 170 -574 -826 168 466 310 298 769 -111 -163 -430 -67 -292 3 9 -189 -61 -308 18 -29 -520 125 73 -84 -293 515 -161 288 -116 580 -771 -161 142 -374 601 -291 -170 -609 -294 35 -108 155 341 50 -50 -23 -180 -96 582 539 201 -344 -57 -572 -95 272 77 377 -101 298 -76
-173 -128 -192 56 -194 -417 3 -12 -47 -224 254 965 -350 -479 259 -168 98 -497 769 -461 -267 95 199 834 -705 -402 198 271 -494 1011 -541 160 198 -297 191 -376 182 389 42 -272 349 -292 565 -744 -1304 -408 -405 379 454 204 7 -184 621 -45 -790 477 267 609 -333 266 -134 466 458 -424 116 424 328 813 379 745 637 -462 262 -189 469 21 -301 -231 863 -371 231 -522 91 47 -6 -157 -346 -781 -315 -139 -319 -103 1143 677 -109 290 -631 -114 669 -132 -228 -239 105 -446 -70 357 111 62 -105 14 267 228 477 -351 359 -450 -134 245 -300 -181 -186 570 131 40 -529 985 -812 191
-415 22 -59 655 -891 239 928 -268 440 -18 -413 -4 -200 121 -88 -276 283 -90 -17 188 285 512 -466 836 497 -1202 230 511 66 43 -97 801 687 -83 -438 245 217 -222 -490 78 -146 12 -573 204 -186 181 0 -620 262 -599 -707 -21 -185 104 -247 -470 -203 15 261 -569 -467 195 -324 1179 349 -147 -475 161 753 466 160 -331 -177 -43 928 -235 -174 -275 -272 -244 -110 7 -595 -826 187 -483 -657 78 195 -636 189 -375 7 487 -51 -5 62 876 -37 -365 -262 -821 -169 340 -233 -132 934 -188 -110 -152 234 -136 491 -160 381 233 32 61 338 736 443 -135 -48 262 -170 720 76 407
181 22 -113 492 -723 178 -45 477 650 -701 737 50 -504 105 675 231 494 -893 -43 253 610 -69 150 150 32 -708 -337 156 457 122 -251 -234 -139 -569 377 28 144 -23 -25 -153 -283 672 -189 56 19 -260 -1194 577 -154 686 -291 -281 -38 445 142 -347 106 366 334 -273 795 417 -289 246 533 -168 -1473 186 578 -543 -29 186 663 -151 -586 95 463 -668 110 373 244 -636 -306 -144 -60 575 661 23 758 -128 -788 527 -583 543 -81 -247 -37 663 -430 211 469 -769 -72 101 -134 323 -185 -347 -305 64 324 -4 -495 399 74 -639 -546 347 -348 404 -239 -324 -777 896 34 387 -254 -88
182 752 662 -41 333 89 -327 232 211 -138 -527 -599 -41 359 351 -920 84 -333 -117 54 -70 -896 271 -522 -255 289 762 122 -1018 -36 186 -155 125 -473 835 215 10 -415 389 -312 -133 -370 310 -638 -101 142 -424 65 -187 844 419 -396 -152 100 -520 358 -299 78 -332 -269 88 -551 444 33 -106 586 576 -655 154 -260 63 150 492 99 122 -623 -227 84 -233 -106 581 -626 -361 -119 -54 243 161 190 -628 510 62 279 541 10 458 74 -74 57 -743 -266 134 -87 795 -93 502 175 178 340 -182 -289 416 -86 -806 -159 -172 -117 -409 -315 -466 -93 146 425 305 -567 425 -46 -283 288
-168 -211 -847 525 196 -22 -551 9 -116 -205 -163 -454 -553 368 -285 -243 -205 -601 236 -491 52 -234 -198 -103 -182 -126 1021 270 -317 -166 -108 -538 -227 260 790 -202 390 -551 -4 13 -105 -643 831 -114 -337 18 519 525 -39 -238 -398 10 342 124 183 -242 -550 125 -481 -49 918 514 636 305 -452 -427 -463 -617 -134 375 182 70 -257 -234 -15 482 -111 205 1194 -15 724 -83 235 -80 -255 -226 94 -868 -369 -40 756 -275 -541 -355 -840 -150 -759 -2 38 -53 -357 111 -261 478 87 -584 -317 166 333 -220 93 -353 -357 -1069 51 -51 411 -862 326 487 -616 117 337 347 -178 -412 -157 201
177 -332 166 305 -336 -107 -668 -788 -434 -72 27 498 -83 -522 -61 432 437 -222 -446 -714 121 222 302 406 -21 107 183 -91 -550 267 -107 -721 -533 -48 -265 198 146 125 -259 -25 209 137 288 -266 116 115 -58 -29 562 -40 735 1254 1130 -175 466 214 517 126 -247 89 284 -356 425 -207 -188 -313 -30 90 79 521 -230 190 400 -123 -160 -17 218 18 643 180 -151 483 193 230 -122 51 460 -607 718 -386 -335 115 252 584 331 309 424 -233 53 659 -796 21 503 -752 382 173 -270 -194 -694 1065 -216 279 865 -582 -442 -129 812 71 36 161 -300 454 136 -391 -257 -594 209 440
-501 -186 658 261 -405 -48 28 -434 99 466 101 -172 55 28 -239 -603 -71 191 -273 -237 -758 -198 -217 -317 -463 236 995 397 -26 -282 -928 -149 -209 -1151 -508 -208 314 -122 -264 -360 221 -88 166 -297 -373 58 -671 527 544 107 378 -172 -20 -676 288 -836 80 44 291 293 51 -697 742 -753 587 -51 -668 671 658 434 -17 -49 -38 442 -331 -267 696 397 422 -89 570 179 141 -38 725 306 212 312 184 -329 275 274 290 -132 -537 359 205 432 274 -557 -226 390 9 -344 278 39 -210 122 74 -272 408 97 33 200 -19 -148 -467 -461 247 437 -750 78 3 -135 459 -222 373 -639
82 355 -837 777 -153 -312 414 -36 421 92 -32 -286 196 60 423 17 20 -20 21 -127 -363 -501 -338 88 713 424 -70 -568 196 283 526 -363 27 223 -37 -22 -286 -492 577 402 -365 396 -124 564 391 -277 369 285 -193 82 152 -15 433 80 101 -192 221 -243 590 432 -316 402 -512 426 -49 310 372 -698 538 -290 420 -62 -151 -514 514 747 77 -142 52 240 -277 313 -140 87 291 621 355 507 328 1200 382 264 -120 -127 642 24 -159 341 -60 742 -299 -488 328 398 -498 204 -461 431 -77 86 -112 1166 270 -82 -115 205 145 152 164 181 476 446 -114 -375 86 -268 863 -255
-270 227 -403 -72 -228 91 -427 -37 -426 112 -23 709 -283 259 -31 -348 409 -23 -860 300 114 -31 895 91 140 307 -111 -522 -77 585 -65 -127 28 -390 454 273 772 411 504 -121 -199 921 -504 118 480 -13 -805 -543 -230 142 246 -34 -390 77 1012 -451 -373 -524 57 -632 -15 183 -266 -25 212 508 -156 36 316 -182 -315 151 -100 155 484 -395 -37 -399 -145 -546 -373 -155 -88 -821 20 747 -739 -348 531 -138 768 317 36 -167 265 -96 606 -295 304 302 434 392 459 -10 -932 -123 147 21 702 149 39 104 -238 -386 -176 133 804 -199 -1041 -377 19 497 285 -207 103 141 515 -138
619 -324 -261 725 281 204 -554 1 -394 -511 265 -64 330 954 -290 741 130 415 -289 -573 -125 575 567 -280 -840 679 -855 -399 375 -96 536 -70 -497 189 -76 -198 -302 -1155 -680 664 -709 404 178 -178 658 303 53 426 31 496 698 147 -32 -595 843 300 -172 -637 -94 13 -3 -277 -815 305 190 404 89 132 294 -88 505 -328 -491 -548 -288 -409 -205 477 -78 -183 -640 -95 427 -329 378 754 991 497 -260 28 138 11 -462 -732 92 -952 -264 -395 -193 -187 413 755 404 135 -230 144 554 -226 188 260 -1136 866 355 -277 -237 124 25 -364 425 169 113 3 99 -885 252 -401 -132 84
496 -698 921 279 511 117 460 -731 -30 1258 -766 -463 390 -146 731 53 196 669 -345 39 206 156 189 176 -527 -413 -267 -335 -137 534 -351 632 -1159 -284 -514 62 340 210 157 -179 -158 893 86 -52 332 -765 -124 -7 -49 284 305 -511 -377 125 61 -199 -163 -192 162 357 -1035 -327 -693 179 636 736 57 115 -376 263 493 -305 -95 31 -218 -19 229 171 -341 705 -301 -67 265 339 520 -331 80 -301 -13 99 427 184 286 -280 -77 -434 -15 -112 80 670 140 330 498 -484 -786 139 418 -121 235 378 -240 770 376 501 528 -751 -197 -407 324 22 380 407 213 432 915 -158 -262 -261
-623 -279 544 -203 -107 423 501 -330 162 341 -305 -15 451 -276 390 -83 -121 -975 441 526 95 -76 649 879 -764 -571 856 -743 399 861 500 -178 141 85 156 91 -108 621 -629 367 379 -294 703 664 -555 105 -167 211 274 -296 456 1036 -594 -2 -47 339 -682 780 332 -519 -630 -499 568 -47 -29 522 -17 343 -122 -348 -355 -282 -364 -169 -735 443 345 -715 246 -885 -346 -651 -237 323 -417 577 -483 -865 -365 -804 614 139 -331 -233 45 -340 330 -392 935 172 343 320 -587 -127 -101 -56 254 -309 -89 211 259 9 -579 456 -434 16 216 -463 -724 -167 -787 65 522 132 328 -533 -84 650
301 624 -92 -435 379 74 -169 51 226 233 -4 197 -68 -101 -257 -73 118 -314 59 610 -729 337 907 30 676 -542 -379 -187 -564 442 -73 -243 65 -710 -431 -127 -368 -109 635 -244 504 -291 285 -154 -510 -496 -648 -30 -351 -287 -419 -272 352 156 -425 191 -583 -424 331 202 230 -325 171 -322 190 -88 133 712 -266 607 -520 428 1247 -82 222 -87 395 68 -216 559 676 285 431 -660 -886 -138 -16 -389 -125 -384 6 -362 -587 272 617 41 716 -63 1241 -34 -137 274 -345 -459 308 -909 -386 140 -714 149 -334 10 -363 -185 452 48 338 -6 459 -352 -386 436 -181 -508 -258 -403 498 43
-82 -10 79 29 560 -13 -549 491 -47 -137 -387 112 269 -346 27 525 -622 -88 522 -51 -372 61 532 -413 373 30 -60 -87 28 -494 37 371 332 401 -58 -73 19 -244 29 -435 -1 677 2 -415 193 183 443 -640 243 -371 -519 -249 -116 -727 441 478 -266 167 -110 164 -438 34 -523 95 -617 277 -124 75 -223 -26 -311 573 -237 -70 433 -114 585 165 61 363 -198 291 -253 -333 -64 -1247 -409 200 52 -283 -315 -250 0 321 501 -337 279 -13 41 -175 7 98 407 -261 -251 190 190 -405 609 -166 -27 903 524 -489 -368 497 -60 -489 24 493 193 -922 469 -125 -735 364 -565 175
225 64 -274 153 -350 381 -553 -827 -463 -72 69 -65 -275 -285 -559 -413 -649 1004 243 -285 559 -153 -337 -419 158 1054 103 25 336 51 661 -291 191 -94 165 -262 -833 -110 -704 -351 153 -380 -504 -655 615 1045 318 -139 -155 -49 -319 108 -128 283 -301 144 88 -494 -735 -267 392 -223 -235 245 -92 -156 293 -158 356 820 -549 131 -181 -183 1088 -123 -301 277 -729 160 -795 -199 -244 444 -292 -66 -534 1297 -118 206 -101 -153 561 -378 -199 607 -625 190 -802 265 -847 -387 336 -236 190 -73 -112 -979 684 -187 -339 -214 -166 135 -442 -80 598 478 -178 -1 -125 -329 -681 -263 425 310 286 267
160 -610 236 -526 -293 239 103 417 -69 177 -443 410 -256 -644 -302 -138 -230 -892 -190 978 -153 296 -184 1042 -2 -549 677 -81 360 -688 -113 205 127 -605 -95 13 -1114 702 317 227 -233 -774 653 117 -198 174 -215 461 513 -491 213 333 -36 702 -825 435 -246 553 124 182 -667 608 -275 37 596 345 -219 156 -443 -492 -905 227 -328 43 723 614 -486 -730 701 -339 307 -312 -454 -129 291 -903 -520 -110 -409 -148 181 133 557 -464 -204 51 -217 40 526 639 -234 -424 96 371 788 -266 666 203 263 140 412 16 -256 597 282 -629 -468 493 -608 106 -371 202 231 -133 -159 -66 -403 382
46 338 -502 556 209 -197 -439 634 178 44 271 511 -227 29 9 64 648 -648 -670 629 333 -7 193 -84 229 644 -940 416 -481 -253 -223 -554 -454 288 90 189 512 -655 -297 512 -6 -295 360 149 390 -30 -194 -301 -67 636 73 -899 262 327 769 499 -92 34 263 -403 112 -482 131 -37 608 -106 -222 -902 -378 -212 -970 -258 1 180 -451 240 373 124 -475 338 -76 -465 189 436 434 22 666 -271 575 -311 -903 -127 -21 962 430 -271 -128 -261 27 741 -240 380 384 299 -191 531 314 134 -287 326 70 392 -283 -645 -671 -164 238 0 69 58 -549 275 -269 456 54 -1003 -381 76
-21 321 -122 376 -20 377 101 -449 31 323 -76 -224 -470 421 751 -334 -320 446 -82 -112 1 147 -179 -195 456 -539 593 -409 -112 -31 220 260 -899 282 543 532 1159 725 12 -329 273 3 383 354 400 946 63 -867 510 57 -183 345 477 -59 -236 -67 1054 743 -472 -136 86 -32 671 -574 113 -67 -310 818 -509 287 -404 -691 212 441 -437 210 135 -363 430 -288 290 460 -151 -410 -939 -259 -449 -962 922 -593 562 -90 -64 349 -158 47 79 95 434 426 -468 580 107 167 -153 -103 80 223 404 -45 398 -560 788 -664 99 24 678 -837 -380 -579 -177 118 342 -476 6 -820 -509 195
-1 -1 -477 19 -110 -224 -671 212 -612 -295 525 -232 642 -20 565 -29 196 -100 334 1200 16 62 321 100 -384 208 383 633 -126 783 57 -37 -130 -276 -60 -369 435 174 460 -330 -881 -229 108 -285 44 3 -498 -375 172 552 -819 -12 -52 -250 -418 174 461 -217 455 316 576 -587 -133 89 -405 95 -417 1040 -136 557 -84 364 282 211 -1241 -575 -126 85 -15 -17 1043 85 -6 -448 -55 48 -457 -340 -60 -197 -141 248 -299 252 -647 17 -35 395 -154 20 126 -94 -294 100 431 -577 291 -488 829 197 -552 -11 -302 8 -177 -40 -423 -25 -635 -905 450 -976 104 383 349 -658 -936 248
-286 -551 -378 -129 -236 103 -400 -166 196 -27 50 419 -422 -97 740 574 401 -534 -800 -493 -264 -167 -640 925 283 -654 -107 -395 58 -297 169 -457 -116 146 8 367 638 -110 57 213 495 166 145 -16 -117 -459 313 -917 -154 -200 64 28 -221 -261 -208 -282 78 -942 -683 -275 700 -32 33 399 303 -411 -104 -305 73 -702 -770 -287 1111 -301 628 156 380 782 -396 -49 259 41 -488 -199 -280 75 -609 61 198 95 28 759 768 -552 53 37 -162 -794 923 -818 79 9 205 628 175 189 -202 628 -430 -121 4 -99 -129 -184 -218 -666 752 -141 -486 828 356 368 109 105 -341 138 585 740
-163 -20 0 341 -171 738 59 265 285 -27 -314 289 -423 -198 287 576 -219 645 -277 -162 -77 -732 -497 22 329 -523 324 96 -185 -278 -199 703 -107 -642 216 71 115 -650 -628 -214 -406 20 -129 95 -706 -263 -163 471 -221 -539 590 -95 -308 370 -155 -102 663 569 -444 275 609 -220 -378 -131 -656 341 413 -207 -1018 626 174 79 663 189 19 457 320 -264 123 -226 -162 -262 -349 -979 -197 -603 256 -264 -1225 26 -85 68 -546 652 244 -567 -156 -221 429 -888 -49 -222 -308 184 -429 474 425 -163 203 -120 516 -557 -238 -634 725 -186 286 -267 172 -63 -246 -418 928 -847 323 20 -496 377
-615 258 -294 156 209 -102 223 16 24 -205 -368 -357 -237 -155 665 499 -202 -183 108 -336 1151 -404 779 -581 119 437 -253 71 215 206 372 -169 277 -484 139 -473 -338 457 538 -426 218 119 212 -414 -198 -202 -220 450 -577 259 -596 54 -423 -74 0 -394 -100 -425 380 63 -70 -87 426 64 -203 -224 1156 -225 -232 611 42 629 757 79 -148 620 -96 -184 -656 433 -15 370 -497 418 -757 213 -74 741 -88 71 -71 -507 102 317 -249 -238 -192 192 -436 28 -271 -89 -379 -285 -349 92 915 -71 219 531 115 293 70 177 40 367 288 160 -215 -166 143 -340 -152 22 -464 -19 -347 182
79 -586 -758 -532 -313 362 977 286 793 1076 307 -282 -145 494 908 557 655 -510 -72 -560 364 624 162 -375 795 -175 -477 -352 -31 180 452 -204 -545 554 1 8 957 849 -474 -32 345 -293 -437 728 161 -111 -75 -246 122 240 -118 -13 -247 -108 473 -239 -40 -269 -123 -832 489 -215 2 215 45 -215 163 800 -30 -377 137 -17 378 42 -197 30 597 -60 -494 96 2 526 -422 -161 -720 1090 -132 498 -196 -561 -7 -12 -518 -163 -468 -538 238 -208 -16 -913 370 96 -303 454 -7 178 -875 -335 -208 119 470 -108 -248 262 51 27 627 -851 -137 247 -563 74 -37 -306 -13 894 103 87
292 -241 -130 -439 -288 311 -115 855 -425 -117 -33 225 628 -103 -1239 216 -405 -294 -885 212 -162 205 14 578 -200 50 -290 -133 147 -832 -536 -537 711 135 -709 -364 -156 -936 -323 -255 -271 -508 -267 388 -269 178 290 -56 -285 -239 -945 -355 -392 273 230 247 -934 -323 66 197 109 31 -173 -14 188 930 -1 -165 839 -62 -460 -550 106 -831 134 534 231 294 537 394 -221 99 196 -481 42 -255 1009 -87 -483 424 -387 284 -529 325 -210 -333 -221 -93 1072 317 -550 197 -28 229 112 -527 92 -544 149 77 -4 41 415 -21 -202 23 -57 40 -45 439 -123 64 239 -106 -425 445 418 260
188 462 732 464 186 -312 -100 -21 370 -100 95 -70 21 428 -253 -307 -305 50 -606 95 -297 -139 -821 -159 202 -445 578 602 557 -209 -335 -350 1491 -21 138 201 333 -226 470 -494 483 -508 108 60 104 354 -680 -64 383 -310 -953 -36 292 -525 -591 -284 264 259 -214 -352 539 599 359 173 223 -288 -248 408 -85 -28 -233 461 -91 -146 267 517 284 790 278 -505 443 -233 141 -350 -477 -176 -114 728 -98 618 -103 211 134 303 -227 317 108 -460 -676 -1425 -530 -783 -238 333 363 -227 -334 -114 514 -744 454 -569 83 5 312 -364 105 422 83 -104 -3 135 -283 517 -507 278 -247 49
274 309 207 -677 -182 -133 64 -159 143 514 -521 436 -257 -542 -312 505 -588 -426 40 -114 207 602 -231 -106 472 133 -513 886 -428 -624 -545 -314 -845 -329 105 -206 461 -218 349 209 425 -374 605 -564 374 -180 158 -445 281 -72 292 766 -870 385 -194 -757 -627 428 -868 -36 177 398 402 -132 -41 -145 -419 414 -820 -510 -399 164 155 -98 -486 -376 30 -57 -437 564 -158 158 28 122 -87 -586 -295 189 552 -399 -61 -195 355 -382 -188 -415 -299 -727 -114 5 19 -22 -405 361 411 -407 -51 388 -94 203 -468 -403 -534 1 454 -306 315 113 -334 18 512 -3 -627 993 76 -1224 64 -1317
52 192 459 -567 -281 990 331 -482 -187 584 -28 -443 460 170 400 157 -207 -843 25 -256 431 987 -35 -237 -119 12 -535 -295 512 476 514 -145 92 269 -163 248 222 748 507 369 -53 -388 -318 177 -300 -213 665 -370 785 23 280 550 -830 244 243 -339 -42 -454 258 -512 -354 -12 278 -516 386 272 -204 383 -208 23 219 440 419 53 14 -247 -174 68 -130 238 352 472 120 -25 -37 501 -106 4 -603 -736 -472 -363 -858 -337 366 -178 299 759 34 500 563 141 -421 30 972 -434 -121 -127 473 -803 -214 638 -547 341 -638 4 93 -619 84 -570 -226 299 262 410 -54 -360 -132 -321
-5 277 372 11 -85 -619 203 -31 -1107 1258 -805 109 -13 -48 87 -463 80 -18 -437 -151 152 802 337 -388 687 -31 144 428 -113 -174 929 -81 177 -428 288 -305 -332 407 653 -262 351 512 83 -455 1108 873 66 -918 -33 323 -259 462 -732 -349 406 -191 -339 417 -116 -346 -320 -355 818 -438 239 -357 -418 383 -289 -546 12 717 -552 477 86 192 -319 458 211 -18 753 -675 58 -222 -390 -290 -925 1319 -40 -148 -507 -190 648 -413 -1106 -97 -250 -385 -779 -350 -433 -137 358 -345 166 -503 126 230 -43 -96 560 185 -60 84 573 -99 36 -771 -231 -545 80 -542 156 145 334 -322 409 -23
-180 270 -171 167 -321 -13 -527 -937 187 -619 274 -542 -33 -888 145 -140 -117 -673 -778 58 107 -49 176 -155 24 -414 -146 -219 -160 -245 -26 -504 171 -8 -449 248 208 128 -438 91 260 -281 -473 86 -201 -945 -224 -373 324 -94 -43 -747 508 553 133 159 102 305 -171 -241 -171 -37 211 -419 -306 -783 -124 379 -854 -246 151 -395 744 797 -997 -313 884 -441 25 -253 -6 -41 43 -383 530 -277 -187 -136 1121 -163 -594 -378 304 416 958 -11 485 375 304 170 282 -536 405 -288 20 1021 -153 -113 -168 155 397 -126 -1029 -181 -402 168 -727 437 199 -437 -501 -234 19 -294 -849 -259 659 -426
-258 -1053 -410 -78 -170 768 344 -629 -295 -479 310 -1176 226 592 99 25 367 -133 36 411 440 158 -418 -263 147 -360 -470 141 274 -811 978 226 -226 -26 -78 -6 -6 1259 -463 -332 -202 -105 50 710 283 -294 -627 10 -475 22 -518 -16 358 -181 259 -102 167 -378 731 -738 -22 45 -21 -281 254 -620 95 330 -108 -25 -915 188 -348 156 174 371 -28 1083 -729 194 423 141 -554 153 22 824 -372 216 -6 -389 78 359 -73 -738 -694 327 -194 310 -418 -252 386 -797 262 1386 -93 14 389 509 496 -142 217 -192 475 1193 -396 63 -98 -202 -699 383 -394 26 -35 -187 -74 54 344 -406
277 366 645 -227 128 -77 488 685 -40 905 400 534 85 -301 103 -500 395 570 1328 55 -404 -491 350 -680 680 903 680 -728 -43 9 -70 -181 -89 126 -35 249 190 859 639 264 496 -630 -605 -791 112 -263 -65 98 352 343 -67 39 -390 -80 -333 -303 134 190 355 591 120 -590 -35 -558 -197 -184 447 -38 84 -415 915 895 -114 -98 47 198 -630 -694 126 -437 262 -16 -267 36 -336 532 -685 416 214 242 22 -306 1072 -570 137 438 39 133 -196 34 626 -65 -232 200 40 331 -722 -630 0 -98 712 19 267 93 -409 434 496 14 2 -209 -22 -236 178 196 519 808 362 -262
-16 -223 182 -157 1 144 -412 164 406 139 237 282 -576 255 -462 -80 214 -453 243 -3 38 -448 498 314 49 -583 -898 98 -778 -496 -464 -229 -571 632 -792 -303 179 346 -368 352 -362 276 -219 -189 662 -91 218 217 334 -159 192 -936 -161 166 -495 356 -520 -196 -114 -540 42 -639 390 85 -540 414 -388 -332 297 258 -618 121 -147 -25 120 -436 519 -430 259 165 -186 -135 506 -377 380 134 494 213 -307 -57 -370 482 -5 -329 53 441 252 211 231 776 -57 -179 111 604 935 386 -990 -463 -660 71 112 -244 28 -458 311 -496 220 350 334 114 583 588 -158 -35 -94 -305 301 -31
468 183 309 53 120 532 -382 74 64 310 -578 135 -146 -562 336 983 248 470 -266 285 256 -649 -985 -27 -813 32 -288 -88 367 125 371 -384 608 356 -348 47 73 -602 76 567 -404 -370 325 365 107 -170 411 158 668 300 -242 226 -149 -188 -39 -247 572 -332 567 944 -114 -831 188 -422 -266 -66 487 -720 288 118 -472 -336 738 159 -901 -337 20 498 -172 152 890 358 84 299 83 174 79 859 251 788 325 104 -834 150 -104 -244 121 -12 303 -390 -550 522 -284 -12 349 147 -316 -457 -550 404 -31 -376 -341 -112 -106 246 179 -113 112 -233 170 188 77 -418 -437 147 478 581
228 -710 109 -447 -349 103 407 58 426 -472 -63 -478 210 -269 260 -22 -90 350 -398 391 -123 -326 -132 522 -358 -590 -184 503 -126 -572 -476 753 505 -320 -216 412 -495 -1071 -723 -459 -719 416 6 31 16 557 -806 -18 246 -569 -458 -198 -279 -363 395 -45 -355 287 -25 -183 57 451 -890 399 102 426 -707 413 -285 379 -478 360 -1212 354 550 -154 74 618 -352 -373 -526 169 117 -17 126 -810 8 -246 -266 478 -49 -160 -627 -61 -264 95 -179 -338 214 -411 -580 -962 -6 596 -496 -265 703 366 -725 652 -1105 -700 158 185 875 -438 -170 438 -85 143 223 -161 -906 -1132 -236 -339 93 -339
-1098 3 -588 4 -193 767 331 382 -441 333 -177 -476 388 517 -261 225 -301 -541 451 -316 -349 119 -34 115 -626 -748 309 262 265 672 572 60 559 539 -321 -293 -216 -69 -95 -248 -283 -629 364 550 -258 -52 280 -433 20 961 -1067 -203 -494 -29 -318 -378 103 -278 563 -138 -355 334 -34 231 -278 -129 411 271 893 222 554 504 -8 184 -628 24 471 -87 -10 507 405 192 -173 -170 -716 -236 -262 201 -528 247 120 -439 -953 -676 -298 -137 -138 326 -526 -302 872 -286 99 178 -275 -808 378 -435 98 -87 172 -196 -1 372 118 145 -224 -779 -168 88 -138 -554 235 -585 453 405 990 303
-338 1014 -472 -83 -172 -462 -204 -104 63 -48 -573 358 -821 -292 -182 -20 -38 -45 323 449 856 -103 615 -190 672 680 23 250 57 -671 187 -193 -472 -433 435 -143 -431 694 317 -511 192 195 -33 -745 639 148 -90 741 -604 26 -169 232 -610 516 -825 -543 -424 342 376 -148 551 146 138 239 -683 -128 294 -421 13 -349 -453 171 -483 -272 -218 680 -221 132 -830 -594 -65 -969 -80 777 92 -20 -1051 154 -41 680 267 186 1153 240 -579 237 -832 64 -757 376 -639 -797 -124 9 -57 452 583 -232 454 -22 255 208 -86 -394 398 74 110 -9 -167 403 4 55 13 742 544 -278 74 -360
698 -126 -631 819 356 282 -483 -475 514 -44 304 -208 107 -201 675 -235 81 -307 520 333 278 -39 -162 -400 -288 279 175 37 -643 20 -100 273 -486 131 244 272 246 -374 457 -57 -440 -205 382 -530 169 -319 1 90 -795 509 317 300 -124 242 -16 1027 65 -104 -234 569 -380 -551 400 -93 -851 227 526 -551 114 643 856 205 311 -308 -191 129 223 -131 -277 672 267 486 221 50 -69 719 -244 197 540 -106 184 -489 -431 -710 -431 611 -762 91 -649 402 -423 41 424 -525 410 26 458 758 -63 275 -858 167 -361 -282 3 241 406 124 799 -716 510 342 -679 141 162 227 -116 423
-336 829 -12 -629 179 -226 238 652 -714 415 -399 255 130 388 -1161 260 -946 -114 -275 -310 100 58 366 -58 391 550 -265 225 20 184 232 -197 -289 225 -149 -90 -202 -836 132 118 283 -551 353 -670 132 -180 186 56 -393 -806 -36 381 4 466 850 236 -801 520 -645 -324 240 616 -164 -183 185 80 -265 -11 -487 176 -321 32 -228 -84 188 -50 147 84 -311 -496 -99 -644 344 -8 -305 -820 340 -146 14 290 984 -185 461 -373 29 118 468 -43 278 -305 -36 87 -396 -653 201 -432 -551 838 265 -988 -265 -451 16 210 73 714 178 -783 185 -264 14 333 -38 38 -66 -553 -199 -691
203 -378 -115 204 734 24 422 -459 31 1108 -335 261 -395 -300 5 66 -39 -218 -3 -106 -146 -481 -110 -418 99 288 583 349 -100 232 -163 2 -510 -417 405 160 -49 91 -557 491 192 -384 405 -768 -446 -53 561 -857 772 347 244 -151 -611 -668 96 -912 -78 -51 -181 96 -1040 -206 922 444 400 375 -336 73 -346 248 619 401 139 22 -519 427 -576 177 585 60 237 719 240 418 193 682 -577 73 427 104 247 73 -817 -626 -827 -370 -467 301 195 -52 -755 -100 -368 395 493 -253 -878 485 -316 -665 -170 536 -1142 -253 -278 -843 228 -486 -979 -612 -274 369 -544 256 535 -718 297 -412
-239 -310 9 522 -50 178 -396 -180 -26 -553 320 20 482 400 59 429 -503 -98 -24 319 -414 -684 -845 168 -200 504 -451 660 -390 -49 56 394 444 -82 -212 -435 35 -151 -238 689 -186 -1141 75 48 -340 -111 -362 -399 -55 175 230 246 476 292 232 299 -308 -206 208 62 -123 -436 -152 513 -372 317 264 184 125 339 -396 -504 -576 -313 -452 -356 298 228 18 527 -315 -245 -165 -216 328 387 26 108 547 681 184 78 131 90 -144 -48 -182 397 -588 192 -509 404 -355 28 -42 324 -49 33 28 364 -292 -59 194 60 151 99 458 -192 -517 306 274 347 498 -579 35 -453 -472 30
203 354 334 -90 278 -220 639 142 -247 628 -140 -393 -322 -18 -196 -345 -29 187 -934 19 336 140 43 609 559 -502 -655 -284 195 291 -206 68 -267 -189 330 -682 -62 159 422 32 497 -257 -186 -714 -520 247 117 -385 -99 -97 -82 -113 -489 -117 45 -10 -287 -196 -208 329 -690 152 18 655 455 -19 -605 -436 159 832 -291 -384 513 -217 -78 192 -485 311 -63 732 -136 -541 255 -327 297 -546 367 -662 248 52 -218 -136 55 -324 -66 -239 65 9 117 695 47 762 -111 978 -322 -72 -299 286 86 -346 43 112 643 522 121 209 397 -622 28 152 664 326 99 657 83 -654 -424 94
-288 115 -281 -215 -544 9 94 80 270 431 -358 -169 -365 -1131 113 407 -617 292 42 -578 -242 287 211 461 614 71 -172 699 -121 846 -42 63 -635 -295 -87 -408 -110 -190 -301 -103 102 -85 -279 -575 -185 59 164 -557 83 185 -180 -65 -185 542 -669 420 177 -269 -423 113 290 570 -364 36 135 -219 -494 230 -65 389 47 216 517 -98 -14 -704 144 30 605 830 -266 2 791 112 -516 -899 -985 -491 381 248 -141 -511 385 -719 -227 -105 -501 -359 100 413 -704 -83 -304 -315 138 -577 284 154 -411 714 -83 264 314 270 320 -43 89 4 462 -240 234 -273 -723 572 -346 168 -343 -503
