tiempo: 0.026645 segundos
instrucciones: 1943658
8 -335 825 229 416 1261 -320 -490 498 -104 -353 597 158 -234 -17 -394 27 67 -488 310 -145 -45 254 -80 127 -321 169 -516 -224 -56 41 -74 325 -398 112 206 -566 86 266 140 650 -151 -159 825 184 -302 -517 -124 104 617 764 -439 191 1130 1145 -129 -364 -76 634 587 575 -523 1048 -34 -690 -550 273 1333 449 -67 -54 -479 -265 6 -242 665 70 -382 -903 311 -302 -310 -48 -48 -262 103 1051 390 150 32 -53 -410 -75 43 337 -245 -66 532 186 459 -553 442 -727 -471 -794 357 -1319 204 280 -162 474 72 -622 472 -201 154 -345 832 336 -374 -772 530 -137 777 -385 35 -488 99
99 -666 -435 -732 748 -694 -434 176 -504 -250 551 5 -500 156 154 112 81 156 90 -804 -51 138 -200 -516 -171 309 -492 95 377 298 856 -23 991 18 -846 -35 625 11 -359 -480 124 126 752 -203 -10 382 -415 -311 -335 567 578 -155 965 -79 -88 547 303 380 -515 -379 218 -310 -41 -229 -270 66 -75 210 184 166 -180 -203 -234 46 -57 -830 -521 278 550 -18 -621 162 482 1147 -19 363 -464 42 651 -215 52 -290 165 382 -258 -337 -128 -91 360 7 -76 -480 302 -325 -181 312 749 -493 -261 -36 196 314 -468 -205 -834 -255 -230 -635 -360 -138 345 86 -218 -178 -974 -516 260 -47
106 153 -239 -21 472 -381 -218 181 87 322 228 -116 259 -87 411 -10 300 339 -74 46 307 104 -14 -345 90 45 -439 -142 376 -213 -288 576 246 -448 -522 152 -10 -16 336 55 552 152 146 -515 93 -366 230 -517 457 53 469 160 -493 -4 -89 -15 -572 596 -178 423 132 404 -84 -8 -132 196 93 -77 339 390 675 80 133 -299 352 -392 71 464 597 -262 -250 424 603 728 93 -629 280 345 98 -97 -140 -282 237 203 243 132 619 -435 -249 34 -313 -77 128 -216 162 -416 876 -49 -68 772 674 356 993 -267 176 -535 -33 -469 -482 12 559 293 -108 63 -213 106 224 323
584 14 109 665 111 -207 712 102 86 -136 160 659 311 -766 73 303 -407 -520 34 256 -225 355 418 -17 921 -509 7 -248 174 -334 -464 712 -837 49 457 214 -288 -68 143 273 177 -257 620 -323 165 277 -118 -454 259 -254 106 -524 -53 -211 124 568 -66 338 -282 113 485 -514 155 334 468 -8 490 553 -155 -446 352 826 552 311 363 85 -253 -51 -332 -317 -571 -16 608 535 -65 -519 -153 75 -106 -79 168 342 -195 1131 -173 -470 -804 346 -232 -222 53 -285 -506 284 -23 13 840 109 239 -145 540 -56 108 166 130 705 -581 100 -262 -202 510 118 102 1055 -178 357 279 674
-287 221 -167 12 340 -290 -23 -35 269 -213 27 -51 398 10 82 -811 2 -578 -452 104 436 8 13 -199 -98 398 -157 -262 -94 1 304 -434 358 -20 -200 62 119 -65 40 -343 -385 219 521 41 -208 95 -161 -943 -885 -62 496 -322 -361 297 514 721 3 819 425 359 -19 218 -320 152 -244 -265 176 -218 -91 -443 -76 -329 -623 -357 -85 738 895 -38 -439 213 -818 -676 -193 359 46 102 -489 597 239 22 28 -758 -250 -356 52 -56 49 -93 -121 1 -271 398 -140 538 250 933 -462 134 732 -225 655 -424 -815 -143 131 -175 250 -214 210 -202 44 -14 -551 -469 -1013 -325 323 852
757 -455 -393 489 187 -243 -153 950 630 115 -389 -446 493 109 -313 -800 53 -207 620 -57 -432 -676 -1129 -614 10 -992 498 -215 119 -39 -742 297 520 32 -779 636 248 -361 -237 -7 323 565 -15 532 511 -160 -790 388 -74 -116 184 -24 141 771 280 -155 474 -199 -371 583 -753 -307 -446 76 -1322 -169 -883 -615 328 -400 230 316 -194 339 178 -934 -505 -309 24 -93 -508 -157 -496 -323 -220 368 415 -363 356 46 -65 -765 735 -407 -330 666 283 55 62 384 99 -92 -35 213 -533 -319 -120 988 -735 58 -31 -635 390 284 -766 -1420 131 -158 225 588 149 -694 428 -241 -420 112 141 554
-307 98 158 461 305 132 -605 -157 -179 -460 -392 60 -488 -4 -217 -496 515 693 426 550 -193 43 882 -665 -230 -445 64 -154 -443 21 250 577 -561 -952 -227 -90 -133 91 208 -200 384 200 441 849 695 773 -368 -2 -259 806 306 -67 267 660 324 187 -187 305 -480 343 -632 -235 418 150 91 -679 -56 360 1255 -326 -282 -1038 -91 -598 228 87 -5 78 -362 647 373 160 -521 24 -920 153 493 2 -26 -327 -59 25 -112 -431 -168 -131 297 645 686 510 373 473 220 -220 54 -426 10 -621 278 66 208 429 275 360 177 -344 122 299 -164 665 -816 -636 -53 425 718 359 -26 -223
318 -470 323 -186 -46 629 -257 374 -122 -980 -126 384 584 -364 -610 -310 180 -434 -201 476 174 -473 263 317 -709 335 -394 537 119 366 -45 617 -493 11 -37 471 155 -536 133 738 -115 136 605 177 -307 602 -28 767 -816 654 -225 -236 648 -206 181 224 -474 429 -34 174 861 -561 -137 349 379 87 615 754 -228 -104 149 344 241 59 266 487 520 -130 -397 -150 252 229 -42 224 278 371 -720 9 120 458 -265 3 202 116 -816 -235 -152 247 -405 -269 250 -572 -242 337 -874 153 211 -538 90 -198 -120 -93 -109 407 182 67 -537 267 335 -643 882 312 309 -447 13 502 190 -152
334 466 112 28 -357 -72 292 95 -94 -1166 92 359 88 309 -536 -230 -359 20 892 93 -27 312 372 209 -448 -230 -293 -303 -390 430 -108 -489 109 -388 83 419 198 549 -635 -185 -331 589 160 58 572 95 -319 6 -363 436 -26 -518 -316 -38 696 448 -104 251 -222 689 -163 906 556 -337 205 365 357 -70 540 275 -345 -128 -180 -339 -97 210 381 -654 10 454 926 -11 65 -670 425 -296 -206 125 -613 -461 560 -326 126 258 -264 416 250 43 -438 -981 -405 -240 -117 372 -104 256 -80 11 -185 273 -125 -156 -198 246 181 96 287 417 -254 42 80 -325 -338 195 668 325 -289 -59
-446 50 -209 -280 -148 -302 -401 200 23 -608 401 664 282 -450 595 243 -383 -298 147 201 -248 200 244 368 712 -175 -566 57 94 -55 -280 466 -247 151 -339 103 170 395 339 -301 251 36 355 69 -628 -455 -575 -127 -227 -690 64 -592 -344 94 -7 -109 96 735 -996 273 45 350 -336 728 908 59 417 191 -180 224 136 578 118 159 -266 465 -197 -485 -337 -486 -936 98 1142 362 -350 -103 -529 395 -488 -971 1074 302 -77 743 238 132 -149 -100 -430 533 -734 396 322 273 66 197 1046 1333 -64 -277 455 27 248 83 1300 -220 -189 249 -173 167 -110 -339 168 183 -225 -85 857 902
-505 -256 -180 3 -204 -77 305 155 631 77 635 -310 -122 499 331 120 131 194 -335 -373 1025 59 -341 107 668 463 -183 -190 513 -643 -112 559 287 -198 227 -223 -95 803 -362 -352 565 608 -103 -411 238 -1046 -232 358 732 151 402 583 -104 -266 -439 -211 -581 -665 468 -209 482 -334 444 92 135 752 -404 -611 -505 369 268 -311 68 28 514 378 -1152 412 373 -1063 184 -11 -7 -403 78 749 -584 143 -43 136 -539 -378 -504 363 -475 -11 636 171 -83 60 -322 -21 204 -247 -383 206 719 584 -61 -406 -156 112 137 694 355 -360 -95 -1035 49 -743 302 -608 1080 263 -639 -52 457 265
-121 671 -460 -175 -281 -360 206 -66 354 -148 901 -43 -264 167 345 -184 -486 -116 -269 78 -229 -262 410 734 606 266 -599 723 378 -53 -35 31 319 -591 226 241 -473 299 360 -100 -247 876 -97 -731 276 -677 152 582 -80 -563 3 -364 -1007 95 46 203 139 -154 334 361 -470 -136 44 593 -65 91 352 347 -828 -521 274 -12 -829 -165 -231 393 -259 -289 -245 482 410 344 -95 -504 -487 173 -291 94 -199 -664 607 156 -391 -518 -779 171 -726 3 -570 -29 -397 -397 -917 -134 -536 962 387 211 456 -745 -84 -149 757 84 201 139 -30 -709 280 -659 -182 -223 553 90 -365 109 -139 439
-179 -251 -261 -684 135 732 -134 753 -560 -76 558 -187 546 -959 -471 88 -300 279 393 -224 624 -31 -793 473 709 48 -394 -561 39 -84 -246 501 -166 90 -85 -295 188 -221 547 86 -256 -85 142 562 176 -381 142 419 -892 287 -339 -228 64 -14 -483 -436 166 124 -163 488 28 125 -303 -397 135 56 156 352 -170 129 619 493 -494 77 -244 292 -308 -283 -470 -467 -648 67 316 -284 -191 725 368 -615 579 289 465 -279 -249 151 -264 -60 -168 -206 -183 -42 137 -555 -899 -436 332 -81 519 336 -481 37 -60 -232 -457 323 -749 -749 92 -92 -295 307 568 -84 172 344 -700 131 658 432
571 -43 26 -424 96 -82 -457 29 32 -373 17 38 546 15 85 -212 130 -46 377 -409 57 236 -283 476 -57 281 188 -1186 518 40 200 312 36 -14 -215 -622 -563 246 -217 -612 -411 535 -331 211 -288 -391 125 -59 -283 -331 -364 -968 234 -14 -363 418 -311 232 -20 267 466 189 -257 -22 -207 796 -402 -71 188 -309 485 -400 -176 1302 -190 41 614 -104 -854 135 -230 -720 -68 664 -61 232 -408 792 -401 -80 192 226 25 432 568 522 -854 79 -191 362 68 233 -283 178 259 181 299 164 -387 82 577 376 261 -329 -207 -222 -596 -846 -268 -324 98 -322 757 186 -256 -48 783 1139
-365 188 -9 667 411 16 -817 -90 36 -572 219 -277 86 545 467 278 -239 -779 146 142 -528 -134 -80 -32 -177 -174 104 9 -128 -532 -143 -35 -291 -735 -358 255 -45 881 171 192 29 -374 433 23 -30 195 354 -45 253 -319 -561 594 624 -260 -481 121 235 306 -254 583 29 233 579 716 -561 -294 698 307 171 103 265 -179 42 -580 352 295 32 -264 452 399 167 -532 -402 -802 -727 67 511 -850 101 -19 54 75 -332 21 574 849 -493 221 -245 832 -135 -610 360 320 -89 169 -100 -101 487 380 -236 -112 -97 277 93 -694 526 326 -1121 240 -507 562 19 714 867 -173 253 -216
454 -119 -15 -1212 472 84 101 -244 -772 -11 791 201 427 -896 -581 -80 -271 563 564 -568 99 417 -134 177 -662 122 -8 368 314 192 -120 -295 690 507 -499 -303 520 67 -650 -310 -500 657 -126 -23 -75 -18 -335 475 -639 498 6 -404 -84 525 498 487 336 322 820 -224 -170 571 -260 -727 123 236 -379 -118 379 1106 -406 -586 -46 -86 -154 -740 -774 113 136 19 -212 -118 299 549 268 -107 173 339 -376 -373 324 -309 -65 -478 -437 -178 401 -63 -462 -488 23 103 -281 -288 328 -407 18 -820 -405 580 -277 -376 -381 -226 219 100 15 -144 279 271 427 -802 -760 -379 -449 -738 397 -398
532 -74 -425 83 -45 -210 -588 797 99 -377 210 -259 -89 719 840 355 -85 -658 -222 550 -589 40 -189 -505 -15 -90 543 50 -121 -317 710 -1165 -18 -48 183 -326 294 -325 -495 883 132 184 333 -597 144 432 318 224 -238 354 -407 -103 211 386 -490 -161 91 -197 -369 46 112 373 -64 394 111 147 316 79 68 96 39 501 -134 215 659 -408 -327 -29 -14 427 190 -222 -214 -385 591 48 255 -51 -289 530 -106 85 481 160 420 260 145 -48 148 -273 71 721 638 1153 -305 29 576 633 -41 261 149 758 -709 -611 -18 -33 338 -417 349 516 -393 -309 -73 132 -228 583 159 698
-174 -35 116 151 161 -366 -165 -530 346 174 -176 -334 -202 399 -573 73 420 276 187 -236 32 489 -33 -483 -244 237 379 -25 -373 65 290 -241 -424 -285 -276 -406 102 -233 -296 23 525 -102 -376 252 -116 -65 -354 -305 611 -222 -275 -28 1294 285 397 -157 -52 -341 -312 -390 -104 416 301 606 -755 485 -283 543 356 -318 -224 -13 275 -35 -383 -464 -38 -262 -233 436 -35 -121 -333 -249 376 -166 344 -51 511 -621 593 178 -170 -238 -131 558 -74 343 -373 112 -266 770 398 410 73 -295 -235 260 -356 873 -360 -32 -569 -218 86 57 -298 607 359 352 -48 116 25 110 690 69 -323 -491
318 -12 -253 248 1136 439 -410 84 -93 833 -377 199 777 462 -78 -452 -307 -387 90 -255 -190 -662 -197 -108 -235 -48 417 368 96 205 69 -384 -268 297 -226 -147 -77 344 674 -571 508 -206 -133 231 740 -474 135 242 -512 209 440 216 79 129 -50 -626 478 -158 170 -363 292 726 375 43 -836 732 170 287 29 -477 -104 -2 205 -99 -332 -93 -66 -640 -385 357 -266 -933 -794 2 -230 397 -357 423 356 -996 330 -439 323 -291 -265 -271 -567 -223 432 20 -257 -128 -115 -115 -306 440 -254 -270 287 -361 -323 408 38 537 1 -256 -107 120 286 -210 -336 -259 556 -502 -606 175 -759 112
-474 -355 -5 61 -156 -517 188 314 -434 113 359 453 -586 146 -540 351 -375 -649 148 346 296 469 -35 -517 692 681 -744 -870 161 -459 539 449 -182 152 654 -441 498 -166 -284 -359 571 126 324 -411 -410 241 580 -250 -166 -538 -43 6 -389 -592 -1265 375 519 470 521 2 574 520 -753 359 477 -168 43 217 259 215 3 119 -173 -244 231 -188 -70 888 -470 225 115 34 324 -365 -164 1218 -594 -290 195 35 -443 -560 -80 376 -389 12 -85 -190 200 601 -162 728 94 1229 -279 -370 305 95 54 -75 -322 117 -219 -23 -218 35 648 -56 -24 372 37 -339 772 -376 -225 -550 264 917
-380 13 -460 -54 292 -236 753 677 -183 -197 -593 -270 -99 1122 279 -229 -138 134 267 -205 509 320 -278 -544 -199 155 -55 526 -393 -381 581 12 -328 160 -822 -712 534 -41 -149 550 -133 -169 -393 -469 34 -400 133 -303 -209 856 -506 844 8 -564 90 638 -604 -221 -162 133 724 -704 367 -694 155 546 321 634 -580 822 -34 559 424 -357 276 145 -57 -649 239 -38 724 249 282 28 138 45 415 -128 325 232 105 -6 -346 154 55 246 -566 -372 151 -1264 332 -233 547 259 -207 -41 51 -56 374 526 -208 305 -793 91 -265 -187 109 202 -721 524 455 250 593 790 498 651 -193 -277
334 283 -380 52 378 305 -270 248 64 -707 376 -64 -308 1153 645 187 -46 -247 166 662 199 178 1159 -26 535 86 -232 -444 -266 -527 90 -322 -692 -190 -559 637 -783 320 -223 701 828 -409 -313 -703 437 -414 -6 77 125 298 291 -169 -662 -86 76 -492 -348 -36 341 581 -44 -420 434 1348 -916 -94 738 -198 -826 352 20 -263 2 137 316 505 335 -181 285 -20 154 -327 203 -96 -71 -181 74 -28 634 298 358 935 303 861 49 153 -415 -315 -300 437 86 721 188 129 -892 580 323 888 368 -411 111 6 993 -136 314 1179 26 -534 419 -555 282 -74 831 660 91 -127 -372 353
124 317 -111 -459 417 -42 163 -905 415 863 -9 181 254 70 -236 -249 -407 66 154 138 -522 -780 -247 511 -42 -381 420 755 341 351 76 443 100 322 196 -536 81 212 1160 577 43 225 -469 308 -764 -187 -58 54 -329 40 -66 -469 55 236 252 208 -279 -179 249 192 -41 -470 -363 402 165 -9 -159 540 103 205 186 292 -369 -716 206 455 -443 61 -346 -404 635 61 -254 -613 -96 114 -724 442 17 -241 273 -174 767 -420 -202 284 158 -281 -341 -27 465 -366 -447 -25 -166 -120 -731 -92 116 371 -325 -367 -55 199 529 14 -1024 197 -108 -883 412 -772 717 -766 -346 -33 -853 306
-419 -192 171 -682 -604 -428 310 -146 -1024 98 -399 -215 -183 -197 -857 164 -1164 -409 -705 27 -258 73 -351 -91 384 58 -351 196 -67 143 32 -162 236 458 -645 -647 -207 -85 260 -601 137 -326 -152 -33 -571 413 -96 463 -602 -743 304 -7 -41 -249 241 381 -11 153 -729 -175 272 482 253 -297 633 69 -336 -288 159 369 231 722 -421 -32 -402 -769 404 -613 -119 94 -77 422 312 103 398 -324 -224 -71 -532 -64 501 -295 64 28 -170 -426 -395 -70 -243 -128 -121 88 416 -519 10 123 -537 -438 218 138 101 -595 131 -3 -243 619 -778 589 -898 116 60 567 -36 -155 400 150 256 -246
466 -13 -633 -488 800 -254 12 269 90 297 262 342 -577 827 206 289 -146 -12 559 476 106 709 378 -902 50 -288 82 -420 -741 -188 -355 -679 10 225 -68 362 -90 -188 347 465 125 116 -337 -630 71 -226 -666 -785 381 404 516 322 -552 350 -574 188 -14 259 272 -205 -106 -155 -174 449 -320 -545 548 205 -104 -250 20 421 -226 25 113 564 -375 395 333 -428 -106 129 291 141 420 583 -351 -500 153 211 10 309 506 261 527 -166 300 -317 -103 -46 -26 859 517 315 104 -704 116 651 296 238 132 -477 -39 -651 520 1118 389 -847 185 223 -431 -358 8 -347 -93 277 -1048 262
425 -2 132 74 88 -21 770 621 504 -395 -750 -662 -72 -315 -378 -436 803 363 72 -208 579 -167 -337 -470 -713 441 60 -741 489 77 -709 -93 210 -13 -578 354 239 87 149 -727 -76 397 587 -247 672 -101 51 203 261 -112 -268 -162 418 -372 -37 -70 -26 277 79 454 896 -142 -88 -103 -58 232 -112 -392 1063 84 228 -470 994 -189 -549 -212 -528 616 860 -336 724 175 -419 416 1443 -22 423 -185 174 -453 308 -519 455 -194 -353 265 815 -121 -484 -1084 -247 671 521 -374 528 -644 141 430 -449 575 376 -375 498 -190 -217 -355 -30 146 391 1356 413 -244 -126 464 189 145 352 397
-574 -403 -306 -310 395 -201 726 884 -15 -32 85 -585 -899 90 -490 -890 -387 142 264 211 353 591 389 -284 12 818 -430 -402 278 -616 382 -615 -166 659 -154 -698 -171 618 2 207 -239 90 309 6 468 449 575 124 -670 -305 -264 87 425 -41 -515 -405 509 -223 258 164 295 427 38 23 -273 -258 266 623 26 -194 -543 -51 -359 497 934 140 94 -193 -462 17 426 235 54 273 169 -464 462 -227 -6 188 286 -57 152 -314 -133 81 -63 514 -291 -149 -167 509 332 460 -334 86 -56 227 -303 -326 -62 -48 -92 -353 -293 53 58 184 5 -55 -429 -330 -43 -184 -345 -221 39 -19
588 -304 168 -8 962 -614 -97 -496 -158 -659 -228 -162 657 -356 -556 -173 -341 651 -38 32 -896 146 96 323 -24 -18 263 84 658 11 -370 104 160 -84 -536 -230 -580 -15 -68 -206 -581 82 -503 -640 -322 43 408 451 -609 -199 -368 -633 -134 -600 -254 -276 -295 -74 -156 -6 -132 225 -447 -263 171 964 43 -493 444 373 -6 -173 -75 -715 344 250 1045 -111 225 -77 341 340 -417 -189 -371 421 411 996 -315 -176 -161 -475 621 -259 593 163 -90 14 509 319 537 -327 525 -441 286 -201 407 -506 -139 326 586 144 23 626 197 -143 249 -561 -282 281 -112 -341 754 -620 64 -600 66 -240
-581 93 -339 -375 455 -641 -102 240 483 11 82 479 -301 -379 -124 861 -25 631 245 282 435 -280 -32 -481 393 372 -1117 -641 -160 -252 -205 771 -446 493 -382 257 -40 -490 51 -352 273 -198 -284 -519 510 -649 -881 60 685 32 516 -386 233 -156 323 -550 210 208 84 31 82 8 535 -43 -305 90 630 73 362 369 125 1003 -151 332 -322 -621 -38 577 212 -130 -265 458 418 188 391 448 249 -770 244 263 243 65 1 71 190 -171 184 -498 373 -288 -91 684 166 -498 159 -494 362 489 304 -116 421 185 209 -30 269 477 -108 -13 -60 781 357 599 95 442 255 69 -173 -312
-380 -295 -561 -851 -523 -245 748 15 -382 526 353 -179 -912 -385 264 63 -129 -40 31 -226 715 -153 -102 -106 911 138 -597 80 374 -138 244 570 -552 622 424 -69 -413 -282 -272 132 348 284 14 316 188 258 -79 36 -239 345 -287 -367 295 -620 624 -118 -381 -336 -6 -43 331 -52 434 97 576 138 -35 746 196 -126 -311 -149 -116 51 98 638 -348 -190 -244 -116 132 -102 665 -485 -484 142 -206 45 152 -136 -267 234 66 36 42 -331 201 -44 -53 -498 7 -474 -242 -460 65 -110 454 -390 -266 -432 -275 -109 -237 247 785 47 319 -588 -158 -665 250 -564 276 92 383 353 -7 -98
413 252 292 305 385 96 -596 145 -258 102 -292 -155 181 -4 33 -157 -187 185 370 -94 314 169 -710 -850 518 217 -1596 76 -55 -780 -69 126 3 414 51 -304 -17 9 -257 196 -70 -544 322 73 540 272 -161 -374 -109 -710 -71 1027 -713 -827 184 97 625 285 469 -228 -53 -102 -47 60 -827 -492 155 -771 714 -377 -473 710 -635 -131 -201 -37 386 -191 -11 822 323 762 417 -402 -17 -508 481 -265 55 163 -83 -256 425 -151 -19 -686 -428 646 -351 83 -129 270 74 -6 -26 -98 257 -100 316 -181 148 -700 700 115 216 366 -9 399 -777 -276 -41 -43 -89 -442 -1 -26 834 -423
917 151 401 -110 193 202 75 236 537 -511 142 264 116 447 125 366 16 215 -303 457 162 -201 -120 -231 -542 445 -235 -535 -200 -99 401 -265 348 -147 355 665 -182 355 608 329 375 139 -194 -152 -32 -88 -307 347 -110 429 270 30 265 -230 680 334 -337 180 -182 621 -82 494 119 285 -610 229 230 262 101 -547 160 1207 963 4 60 -495 457 104 141 -926 -478 -195 -39 199 959 657 583 17 127 125 106 162 -100 -452 480 54 419 -93 -206 -92 349 933 -161 65 448 416 -322 146 100 251 1074 -1053 47 96 353 285 319 -244 -563 493 -349 -240 495 224 129 250 -279 -142
40 423 361 534 47 184 454 -521 546 470 -187 -255 896 -946 620 142 582 -329 -12 -319 268 -205 -904 531 -1069 144 42 508 8 766 -91 38 -504 -40 -658 -326 -12 244 -639 22 -661 491 -755 169 -1055 791 -300 -1030 -392 -603 -1 88 -77 1181 3 243 -426 17 -534 353 -43 -430 -285 -248 477 -219 155 -917 189 145 -71 -193 388 -182 -44 -185 -16 241 404 -532 82 -122 -273 1186 161 241 -677 261 244 -383 -365 -969 643 78 -542 -424 1045 438 -196 482 63 -337 703 -293 755 643 555 881 -452 291 -432 -990 -73 -328 -637 -277 496 645 -33 80 776 238 7 531 -475 23 487 1113
-206 -94 146 -241 168 93 239 -145 -469 -510 11 -414 446 -489 -644 -467 167 -42 540 -311 -195 242 -113 -212 116 139 474 -428 -654 -256 -297 -205 -611 -635 -74 -299 -445 -289 -571 237 -251 -164 564 -550 19 -312 -56 -243 -464 94 -432 -398 -455 428 -340 -134 224 35 -889 -143 150 595 180 -380 -230 473 -380 334 -220 474 -185 -295 255 -175 -159 48 -53 -417 213 -311 -58 355 -135 864 588 53 -451 210 -42 -505 168 -326 -90 270 -147 -44 448 94 -357 -538 -82 -110 881 142 185 -212 230 -146 -279 26 -406 -594 -312 297 -66 41 -94 565 154 -677 152 332 -148 -142 -76 -287 367 172
382 -243 514 -145 474 -129 -814 85 -256 134 -741 -447 10 -91 -686 -1186 -193 -380 -200 -199 -665 -740 -73 24 -562 -202 426 -654 187 25 133 -704 -324 -833 257 -587 -575 269 522 -184 535 -167 357 -157 -206 359 332 495 -978 -232 -16 657 -408 -99 52 -50 -49 -237 -835 -280 -350 90 -176 423 -45 -37 -482 281 233 812 2 41 -238 -241 58 108 372 -718 -511 463 49 497 335 138 27 -672 96 -121 -148 -149 130 580 886 -172 -713 821 329 252 -62 41 410 347 31 324 -13 55 -64 -139 -495 161 -399 -178 1080 -193 16 108 177 443 267 19 -314 104 416 -271 392 133 389 160
177 -162 -200 -93 72 348 2 -228 283 142 930 -306 590 75 -89 402 329 885 323 -97 153 80 -439 -340 -312 -106 -108 85 -367 -699 118 728 55 -288 212 69 118 305 247 530 258 -606 324 118 -379 356 898 271 -593 -351 329 368 327 -34 439 -27 -460 272 533 891 -172 279 -18 -500 41 -224 753 -67 -233 -537 -949 243 311 -131 655 -539 20 -525 613 -56 -52 -178 343 138 291 -156 449 -420 516 150 -502 16 -28 -359 213 -659 26 -156 -603 -135 246 -137 309 93 907 570 287 -527 -167 490 121 -241 -215 55 104 -407 -50 120 104 105 23 35 -319 -431 -251 678 101 -144
-226 60 149 -462 293 -114 -482 399 -390 395 -633 277 -473 836 -446 155 301 256 -389 -673 -681 -1128 -34 -394 -230 -251 570 -178 69 -364 -239 -165 990 -49 -371 536 -467 -355 623 -710 659 295 -369 474 154 -314 474 118 56 -79 -301 422 68 105 75 302 153 246 153 -273 -196 665 227 -136 50 -318 -844 -73 403 365 280 -160 -234 -885 -276 -7 222 -63 548 -64 -37 -447 -278 -718 573 -495 190 699 272 936 462 515 8 -665 726 35 183 -669 452 397 -180 76 103 -296 -183 -469 -64 -702 570 553 -98 767 67 -1097 -120 -288 -530 -468 644 415 -264 -152 -252 -383 -45 -284 -808 -100
-355 189 680 387 -117 1156 -40 -227 37 -303 -154 -699 189 -237 -316 -760 407 571 -793 415 387 109 633 -32 688 -178 355 -297 4 77 -315 -497 152 603 645 261 179 -99 -420 -154 -574 120 -390 356 367 -271 491 -350 -553 -362 -494 -211 -138 11 -234 -48 182 304 36 282 -192 -200 -276 -126 -64 -319 -16 363 -321 -177 -153 -569 47 -20 -11 394 407 387 -483 -144 -149 -457 51 91 415 -77 -135 -750 -290 377 478 147 19 -347 55 -281 237 802 122 110 -89 -263 -180 -359 611 163 -178 -283 197 -278 -357 -247 -555 574 -398 -785 303 61 -61 -30 -615 -149 -172 496 -375 197 593 178
239 -258 -92 390 541 310 -739 -158 138 706 -164 -159 210 529 -428 434 285 444 -77 257 562 -230 495 411 -163 -272 -416 -236 329 -205 -69 273 401 -210 322 -76 -578 -67 486 -156 -357 667 43 -124 -391 -241 274 50 218 -374 -89 351 77 474 -473 177 -63 376 897 -43 -222 453 127 848 1 -138 420 -109 338 98 128 147 185 -809 -500 135 440 304 266 -501 -463 -144 -405 243 -400 -41 179 -41 456 -213 318 376 -326 149 325 190 139 146 -208 -19 -594 -687 -233 -217 1040 -92 135 384 -213 -30 -119 -159 21 106 194 -649 682 -244 -147 385 557 242 13 409 -117 473 26 -232
-278 -101 -124 -137 134 286 -261 -281 0 46 -227 -116 -646 418 -522 276 -211 -152 263 280 124 340 125 47 91 659 -191 -352 -359 -578 415 335 -229 382 446 102 -69 -45 669 370 -47 -398 -66 410 -111 -352 -491 297 421 948 269 -706 659 399 233 -731 -368 114 -5 -235 -259 85 152 -226 919 -367 500 479 -122 -140 647 406 -81 183 291 -27 337 256 -182 -641 -235 311 -335 -121 -102 425 243 288 103 413 -279 576 353 160 625 -190 357 278 728 242 -150 777 -480 464 -335 -786 -612 518 -136 -187 601 -230 -22 -381 87 -90 -191 410 -40 -268 -308 476 275 -123 -428 755 -401 -609
-407 -246 631 -843 -185 -487 -593 -651 -424 523 599 -405 -580 465 384 -8 -302 273 -550 -611 -347 -228 -391 -473 73 -649 -543 398 193 -124 337 86 883 655 226 -360 691 136 145 -132 -65 -376 -192 21 -50 -371 -157 -285 -420 340 -276 253 -366 188 -197 481 -533 -432 521 -461 -34 -776 799 140 878 -228 152 860 674 587 73 -417 188 -394 -216 235 -117 176 -1112 -289 749 795 -16 -446 -237 419 52 58 206 -4 -50 329 -127 257 -197 -324 4 -7 332 646 156 -92 270 -751 1022 -329 -738 -387 192 398 -227 180 -457 891 91 -627 -45 -136 -628 187 -205 -24 -200 268 310 705 639 -261
74 -613 360 243 -208 5 495 -246 -205 -728 12 -224 252 -829 744 82 241 -93 492 528 -125 -416 702 146 476 641 -588 386 -333 34 262 -56 -910 -18 -248 353 -913 218 190 1452 -464 -1149 86 62 -221 -60 594 -200 305 286 -378 -430 715 -516 -539 -532 -275 110 342 345 499 -412 23 -191 -309 -764 181 439 -729 -527 -243 -76 398 338 337 -193 334 565 112 -402 158 -529 392 397 -594 33 496 83 377 126 65 -22 35 -307 648 -19 -566 629 507 -399 427 -534 -620 571 36 21 -285 -157 -160 14 -9 456 -16 -184 -494 211 272 -196 -348 -270 293 1080 -64 440 398 -739 94 -108
-387 59 410 142 572 523 87 -376 62 -289 144 -123 -567 294 -73 310 -618 2 -656 -536 -134 -102 -216 -490 -188 -633 -141 -419 -1045 -273 400 -347 -563 695 556 810 -175 -216 505 30 -258 -487 -6 598 51 -73 5 279 32 -174 -77 -96 216 520 470 -670 891 -389 277 84 -220 -228 -37 619 214 -160 -219 18 -140 -474 172 55 334 249 -494 -138 -367 -570 56 -479 -1062 -416 428 -164 -325 688 4 141 835 645 345 642 353 173 107 -966 103 553 326 -242 296 245 308 -542 100 -822 -784 51 -42 -380 -105 -823 -726 332 49 -14 -109 255 500 271 -305 772 -112 -130 -400 361 -222 -586
-406 -33 323 311 108 -141 -432 180 -158 -85 -564 -140 49 820 -747 -328 839 -600 673 375 604 -31 366 977 -523 244 770 -398 280 148 -42 -866 68 168 231 -539 -27 32 -186 -366 549 1023 36 -409 7 -548 -421 -301 -362 338 -244 615 133 734 128 456 29 99 339 -475 147 1168 -175 52 -113 355 -146 -600 -16 918 928 -26 -686 -34 -128 -683 102 98 520 742 350 -81 95 212 930 146 -245 -607 139 -131 122 -129 -581 365 -318 378 525 -841 -359 -114 -700 899 451 454 -496 -404 -460 -276 469 1158 -121 316 -105 -1075 168 -162 333 422 627 141 -336 116 21 -69 301 -650 -189 481
-77 136 393 274 145 81 -598 67 542 -537 -157 -149 375 81 324 -344 5 443 39 199 745 205 233 -317 7 267 -480 -588 47 440 512 -523 917 -638 498 -326 373 -105 -174 61 -200 -383 182 -581 -39 -259 -287 303 -32 247 330 99 29 -113 -179 496 -19 290 595 221 413 507 -9 -270 -1104 -121 224 -569 44 -527 -211 976 -394 -359 -454 -629 139 -163 384 111 433 226 780 207 -16 -164 263 -219 349 72 -131 -205 18 39 -143 -492 135 146 -274 -356 -295 317 835 -257 526 8 24 -64 45 495 321 -157 49 -150 -30 291 871 -703 240 754 494 -442 -235 509 -251 256 102 278
-550 -172 82 -494 189 -218 550 -281 726 484 -189 -952 108 -248 157 29 558 -957 -417 -307 85 -232 -1094 -700 -466 -141 73 -3 60 285 -204 202 293 -112 -31 54 -503 45 -1043 -752 548 5 43 242 -401 -513 -479 298 -230 -246 -91 308 -836 297 -402 172 -420 127 2 -399 -277 -247 555 942 507 -17 -809 -187 -589 -314 112 -653 151 -14 -1041 2 -14 -471 -83 -98 -568 -598 29 522 48 -728 438 85 -401 -457 -253 455 39 -106 -244 -324 133 -879 -770 -328 -1009 -444 527 128 -231 52 346 417 -473 89 -704 830 484 -161 364 -208 -16 -365 47 129 1170 -325 -228 204 149 -244 182 315
-95 -275 -435 -430 -197 -424 1108 -347 -126 7 -553 -866 210 193 -654 304 281 -257 930 -396 1 249 80 303 73 -201 -66 -207 -698 252 -384 130 -479 -297 128 -277 -658 545 218 31 236 -137 -312 634 -530 -494 -320 100 -479 343 415 564 -381 282 494 24 -325 -174 -78 485 -96 -177 147 782 -134 593 296 203 -512 -383 36 73 449 -73 -411 675 244 -252 -2 -733 -113 607 -572 41 157 -203 -197 82 348 48 -216 -6 -403 111 36 -271 454 354 12 -376 266 -228 6 -483 -185 -367 -280 -341 -427 815 269 -517 323 325 399 573 -472 582 -344 -288 261 188 833 -113 505 -111 -305 96
0 -668 -145 -1049 -461 442 530 -503 695 -191 321 -172 238 952 -346 -517 -296 140 259 -915 -605 104 -135 -207 -198 -559 331 731 121 64 49 1066 668 539 -627 -973 648 334 -911 96 -680 -62 -31 40 36 253 -726 -168 580 -171 -408 -214 -103 127 400 468 -394 -479 336 -173 210 -797 69 -117 -547 329 -315 482 209 -554 -263 369 -2 -12 17 -372 -642 -12 -812 246 376 1205 -359 65 -311 488 -23 -300 548 -229 -408 -389 -417 432 323 522 -1 378 -905 -106 -338 -232 375 -352 -148 -54 -954 -509 548 -25 -130 -73 96 234 322 -324 6 -506 -128 16 167 240 -275 -140 413 445 -286 177
-122 -252 498 570 205 333 -69 520 -533 -797 -317 432 24 67 57 -51 -218 69 474 -220 144 209 -60 141 283 313 -513 -48 -188 37 343 -136 485 -260 353 229 218 156 394 495 -389 432 456 24 640 -610 106 596 -300 455 140 38 537 -615 254 171 134 751 -798 458 251 34 -169 -150 96 61 686 -8 -107 71 148 572 -65 157 259 -394 -101 -389 480 7 247 -233 86 64 -136 395 160 -113 -363 -87 22 597 -97 293 -575 89 24 -214 -351 -324 361 55 199 217 -805 -309 522 -238 -21 46 -214 -56 294 -240 -325 -44 69 329 51 876 130 219 -124 290 -63 159 -337 -94
159 -195 -305 29 -728 -697 -211 -314 -244 667 -143 245 243 -324 183 -34 -191 -366 551 145 -350 195 -544 81 154 -490 282 452 -758 5 209 -68 -110 79 805 -280 416 -413 24 102 5 54 -77 -348 133 78 -131 -348 -698 801 148 -194 -118 -73 -456 -169 433 -198 104 -198 -394 -173 55 -304 24 340 652 234 -501 -388 -92 -63 -122 1026 405 124 -114 -430 84 86 -524 -474 728 89 150 225 -466 -611 125 -807 -692 155 -355 -72 -261 -139 -645 -693 144 232 643 -463 -40 91 1127 -773 45 -599 -19 320 -234 312 -710 -287 207 -553 164 -508 439 260 -439 220 -328 -589 -21 307 253 408
638 -98 136 -456 449 -790 -331 -161 -423 509 -216 46 -273 404 -781 169 494 -62 -9 225 -62 -574 316 175 -153 556 48 71 471 194 424 196 106 546 206 -228 214 607 294 -346 327 405 -72 -134 -157 155 679 -62 56 -73 -493 137 -8 219 -32 123 -422 33 627 230 358 389 183 461 263 630 382 300 952 740 201 -299 455 -855 -198 200 238 132 360 -152 -261 -12 202 -362 426 501 195 -19 -15 110 -123 639 424 18 252 -396 176 77 526 638 302 331 -300 -540 -251 -304 187 -241 264 659 260 119 -405 504 80 -141 42 364 -215 -42 -413 -762 49 408 186 -328 -160 204
-270 181 587 122 190 795 196 234 -131 -746 -409 622 445 -516 90 -738 153 -176 213 168 375 -650 451 562 -524 351 451 353 121 301 -33 358 -454 80 -383 108 560 217 181 461 -374 -24 182 913 -578 266 50 100 480 415 -133 560 1051 21 562 191 -515 759 -529 439 153 94 -131 -131 -378 75 -15 337 740 -183 -282 -112 862 -268 164 358 -366 297 286 224 -691 -410 34 300 469 434 -251 -1051 -246 -159 85 -241 -464 253 -10 -26 -414 -78 -232 -297 111 -364 -103 -56 -131 -245 -501 -36 185 -327 -277 205 51 580 294 169 21 114 -321 -254 809 705 -132 343 -18 494 -229 -352
214 324 125 -481 -788 -834 -69 -224 420 431 81 -216 3 -445 172 336 -709 38 -285 -274 -180 331 -22 -57 -296 -459 18 -2 190 210 161 885 554 -743 828 -21 26 9 -331 222 -136 -1231 -413 -172 -179 676 377 98 -148 154 684 -578 -49 364 721 85 -65 -490 807 -212 -859 -866 742 -22 201 -338 4 -414 -77 -675 253 -135 318 601 962 -299 -175 -128 115 36 503 572 -1030 -267 191 -233 235 315 -316 326 -803 -163 651 -261 294 -585 -85 518 154 419 543 -195 185 -311 -320 -221 -719 -697 614 -310 448 178 -124 -265 -576 737 258 91 -741 -2 265 103 -715 694 -43 111 -288 -269
-490 535 288 -109 -223 800 526 -50 -235 104 -993 371 466 183 680 34 145 -598 -646 131 -269 23 -109 835 -701 -59 331 -665 -31 663 -662 -723 129 -261 -961 31 15 740 -286 55 -910 268 -62 -377 88 -1 339 -111 -831 645 500 289 -6 553 281 -79 193 421 -713 -525 -193 535 656 -554 -244 -185 -6 -603 345 416 378 -108 507 -421 424 508 39 -1059 -106 -718 -692 -1039 352 460 557 -376 -711 -468 -700 -364 677 -555 -248 62 409 1070 297 -680 -319 -758 243 247 88 -13 726 1117 -182 1078 -5 -290 25 -422 -173 -250 -300 -166 862 -580 305 789 140 660 -272 504 190 386 -187 672
-290 247 -469 66 -616 131 468 -228 170 -91 7 -127 -360 -119 677 226 -79 -29 -917 380 -503 322 1109 632 626 -474 18 778 85 -140 -62 -132 -716 -350 -640 -265 -340 172 -427 -289 -564 -62 -86 355 -183 -52 63 509 91 -261 267 -718 288 689 662 582 -440 -287 130 400 -210 -480 -402 575 484 -334 -136 257 -6 -233 197 -274 53 -118 70 116 -538 11 340 190 175 -76 -619 -88 -651 -772 418 226 -258 369 579 436 11 75 166 -67 -226 167 -516 454 -100 323 -277 -552 -837 511 234 -52 621 -41 315 748 146 97 418 284 -186 481 226 -260 324 65 -908 534 161 810 -99 96
28 61 -374 231 268 -628 56 -364 -391 612 264 -354 -157 130 -622 -984 -135 156 -285 27 509 353 613 415 -372 -493 -272 382 22 346 556 811 -99 -92 548 271 138 -713 -438 -248 -70 244 -165 -70 -1345 250 194 345 61 548 380 -138 -345 342 311 -209 -512 -337 200 -334 33 612 122 170 328 -1 -20 -69 -51 100 491 -443 46 -829 0 -239 238 556 313 -5 28 396 -169 275 -278 194 -379 -73 -230 -179 -169 809 44 448 -431 -147 245 -294 -89 17 318 -384 -230 -61 -126 -438 160 -203 -86 528 353 -175 -280 691 769 205 -308 -304 24 -211 902 376 -95 -299 615 402 369 -312
-211 -15 -163 521 330 655 230 -258 285 -268 -18 -514 -95 -22 78 -296 -266 498 -437 -124 411 243 732 -559 51 -117 374 49 -541 -599 -186 -78 -822 301 -352 -475 -230 -403 -549 -157 -456 -349 -89 139 454 -105 -134 -494 665 300 120 135 615 33 399 -143 532 -257 505 24 428 -853 -273 236 -719 33 419 -176 195 -197 -499 535 -144 -692 75 -120 -466 -639 -129 331 202 258 -72 -491 -270 -518 -32 175 436 528 49 -193 300 -143 173 -289 -480 966 -240 -79 758 97 538 511 -41 273 -665 392 -268 -28 168 -890 -1236 630 -964 456 -251 -18 -100 -457 -620 831 272 450 133 801 114 -278
3 417 382 -500 -201 616 234 70 140 -303 -293 -913 -328 325 -297 -223 121 524 339 113 234 -99 -435 239 53 -447 512 118 -227 -190 323 453 -215 -131 -395 635 332 608 -203 263 -347 -592 144 -53 -68 236 -510 -291 -355 -532 100 204 -43 -94 -593 -532 -417 -203 -397 243 -199 82 139 -820 399 -408 -585 -551 352 177 37 -60 591 -132 -73 -478 -438 -797 170 -100 458 -150 656 183 -166 398 389 -773 11 315 296 -272 516 -238 -190 266 499 -276 89 -649 204 620 505 -370 -96 -24 -212 62 -387 228 -71 456 680 268 -461 -606 -82 4 -437 360 -259 63 199 -287 578 596 -195 129
756 -640 643 344 -22 -293 288 -45 -30 89 296 -141 -88 69 -359 244 105 333 -557 -174 -136 206 434 522 122 3 197 691 453 20 -397 -44 334 -490 173 92 36 21 -778 -592 -17 -447 152 -302 -957 535 413 99 375 65 -140 -679 -52 417 571 232 -111 -352 291 278 -58 -519 -154 294 506 -33 -268 203 -15 -143 81 -232 -424 -188 71 143 106 95 51 339 23 212 -179 -228 -438 -311 129 738 -156 -94 276 357 210 536 175 -231 -383 463 348 -46 514 -624 -208 -51 -346 83 -298 -688 75 -182 -695 -14 -513 97 -291 349 -192 -319 -245 -468 -206 -291 -346 545 296 86 -254 174
30 -398 83 792 -158 380 -14 30 277 -15 135 -282 1029 -334 651 -480 347 -105 134 -344 -831 307 -475 -384 483 -360 -67 96 -317 -453 -450 19 163 248 -11 -210 -502 30 -29 -424 86 -457 -208 -89 7 219 247 586 -807 -770 -75 -33 -182 321 289 -554 90 -61 -391 216 -215 -140 112 -499 -152 8 307 36 -111 -470 -230 103 -225 -261 -326 -211 247 42 162 343 287 547 -488 704 119 36 249 -191 -266 -492 -572 -744 69 62 545 -628 -590 349 -153 -221 -189 -400 664 223 139 546 -358 131 356 -221 -167 774 241 -52 -100 -504 -155 203 281 440 444 633 -732 -319 -219 17 180 675
-7 1011 25 -743 325 409 535 -307 -155 275 735 -756 -187 -205 208 -233 -101 93 -47 40 264 68 88 -180 298 412 -149 151 125 -568 121 507 -437 -176 -59 -628 92 -2 278 52 13 281 -1032 -125 -41 -83 597 -177 187 -465 67 294 -400 330 -407 -35 148 235 71 -68 -15 -183 -92 -292 243 71 -703 -498 534 620 282 24 -279 -193 702 -260 84 620 -842 -266 134 1063 104 148 -95 19 406 -312 -658 124 128 -769 540 -119 -151 -561 639 413 1052 544 -225 677 236 184 -91 115 464 342 333 -646 -116 468 489 -433 -453 -255 -624 -706 -932 3 -264 36 743 -168 -135 191 257 455
-219 384 -225 -541 -352 -183 -726 -279 12 -429 -264 -87 -798 -390 170 27 75 -454 -308 783 -158 -43 -84 -850 436 327 -755 -386 -781 -351 538 -780 -492 -532 460 -394 -246 313 106 -3 635 347 -52 -46 620 291 496 413 -899 -173 -441 -251 -415 -52 57 502 598 -114 -83 -22 -149 -45 -307 311 -344 157 378 79 -117 217 -289 -151 -508 -434 313 -361 43 -283 -96 575 -214 -632 153 125 481 -1018 1067 -277 -433 978 -426 -332 -284 -538 -241 235 -413 -33 231 282 -356 776 -379 362 -359 937 272 -515 713 -248 -5 387 129 -414 -180 515 -57 262 549 64 -331 504 625 82 669 8 304 486
372 -73 169 272 176 146 -875 74 0 -230 43 208 -220 238 -215 404 185 790 -288 777 355 254 -264 -374 685 -6 125 -351 392 347 234 103 627 -408 506 449 247 -476 32 698 99 243 211 -74 211 -379 -587 -70 -198 567 179 -478 262 -433 -213 -315 939 -71 -104 77 10 -103 52 -950 -554 407 419 -494 -622 709 620 194 -298 -234 300 -879 -91 -445 447 -349 218 41 475 -502 -196 266 212 -483 -544 340 568 41 -81 26 -350 540 394 244 -23 361 246 522 59 60 -296 -205 -154 593 -203 611 3 -106 -59 664 -389 -451 410 480 -27 216 -363 -87 -66 551 70 231 -187 -703
89 326 144 228 495 903 730 -131 529 -121 150 51 -42 -205 -242 391 528 214 -126 531 -73 5 346 417 -121 -766 -5 301 -76 41 -62 -43 -447 161 -364 -393 -139 338 -302 -59 -823 -380 652 246 -140 183 -272 245 139 -207 -303 327 -75 790 -463 -583 211 57 23 -91 348 -375 -671 224 318 -465 -198 609 -311 -578 -551 342 31 -330 -692 77 -18 -69 182 101 818 929 -101 58 -54 -566 -253 -409 -316 406 1060 485 494 160 75 73 57 159 -659 -949 -402 -235 667 12 914 163 204 559 -535 -1025 -853 -564 -217 -267 857 348 -647 152 218 273 76 306 -845 141 325 23 -107 -170
-1031 253 219 591 146 151 1001 -52 258 119 -137 204 -653 -690 23 203 479 266 235 1061 434 833 237 -434 500 209 -672 -299 -207 505 -129 -199 -139 77 474 -127 44 48 -472 -299 611 558 -221 960 -312 458 338 -14 -721 -317 -177 -170 -527 -265 612 238 187 -233 120 569 -520 -214 -708 730 282 293 -592 106 248 -774 -243 -812 459 -680 -68 -362 122 213 0 -299 250 -706 -130 476 535 -253 -318 -245 -95 -130 -626 403 261 177 423 -59 415 47 -399 -866 -586 119 486 -270 1110 -546 115 200 -412 -391 -713 22 243 858 1304 -107 134 -28 -184 618 499 -547 -363 -334 631 -495 -898 -70
-133 -69 36 -14 -373 297 -6 57 -99 348 -27 -244 278 -126 -131 509 650 64 177 540 541 312 52 364 -108 94 -421 -423 -377 46 419 -350 187 -445 768 -77 389 99 237 486 -188 304 -458 175 -655 -113 416 -667 -1267 141 47 -35 35 -187 350 228 -210 449 -519 159 -128 -150 -469 -342 478 -71 38 73 -566 -81 17 368 413 -155 -430 191 41 -444 18 -295 -311 -639 438 674 -173 371 554 257 87 -257 -162 90 -330 50 -419 798 -243 -464 -624 -231 232 -473 -394 294 674 324 -290 -857 -340 13 -448 -387 -93 -189 145 146 557 143 -308 489 -224 -7 116 488 -234 -77 -304 235
-272 142 -203 265 284 -140 -283 -160 -155 109 -494 -184 204 136 29 -377 -332 34 143 -439 -556 201 -55 -319 -239 -65 -239 100 -315 131 -307 -270 92 188 -104 -454 -399 3 -398 -949 608 -107 421 -325 832 -61 -854 118 220 409 663 396 -107 344 -44 -170 27 -102 -15 -271 17 -311 248 -350 -452 58 535 -457 322 -253 -646 -176 -1039 -444 584 271 -218 -8 290 459 68 676 -1025 -103 -975 -372 218 -640 -112 -14 -98 -532 -56 -172 -15 -658 -121 -209 -614 432 -695 -168 883 -489 -836 -82 -59 -164 313 365 -303 424 671 -69 -62 908 -26 492 278 -679 -446 -21 -460 -431 -176 -123 -31 15
699 -225 58 -213 492 -8 -501 195 359 -120 -148 -469 -80 19 584 -428 504 546 51 501 413 -433 187 154 -759 132 226 -109 209 721 68 -137 -349 597 -190 316 -21 -505 197 -3 -212 -119 -200 -207 -105 -406 -499 292 832 121 -684 -392 404 280 -649 -563 -614 286 -285 470 253 -269 8 -120 129 148 -22 -45 -616 118 -548 -139 -564 406 -492 253 94 931 554 -89 -271 188 508 -413 -672 494 361 65 723 571 -59 293 326 -120 -584 -381 219 136 456 -464 144 251 132 -258 -1035 -453 706 266 -743 18 55 265 -290 -384 258 -310 240 -221 298 -608 145 -443 13 16 296 -206 -216 -533
-200 -294 228 -122 586 122 28 -380 191 777 30 560 -834 192 -558 239 -205 314 362 -165 -533 -117 -474 -9 -614 -840 506 328 -50 455 -56 922 628 641 -1182 470 435 -216 -323 -173 371 233 -339 -189 -595 49 -689 -94 -298 403 259 371 -459 253 -278 401 -347 293 50 -138 -12 232 719 -905 572 140 28 -283 -588 848 37 -354 -305 -597 516 -107 -38 386 322 163 567 508 -17 33 -122 181 -143 -400 -107 -180 -9 1136 45 -285 515 -252 -642 -298 -448 53 472 828 438 -461 -98 -916 -92 -246 302 644 -256 432 310 -40 211 153 -187 195 -114 314 -179 -776 22 -520 191 -560 -369 -303
-271 175 -883 141 -778 42 -256 128 -376 -232 19 -75 152 550 184 -488 -182 285 -34 -477 -234 -410 828 21 -43 333 871 -354 -105 -59 -67 -2 -439 -158 10 -360 -468 -58 475 -561 -438 16 -387 343 247 -216 299 121 -325 47 -657 -245 -35 -129 500 -77 5 -250 291 694 -58 -379 -384 169 -26 -55 684 -173 -880 -315 -234 81 559 9 546 260 169 67 407 159 -670 -308 -17 -496 -117 752 -213 -339 181 1108 -634 -941 268 -393 -215 -575 803 -165 620 15 678 -680 58 -754 -438 568 276 -1147 -507 9 375 -195 -1104 1083 -300 -101 237 -386 -466 -604 -875 264 214 -616 -203 -90 38 188
243 -289 -12 -38 40 281 380 -55 -405 -527 -474 316 -361 -5 -292 244 249 218 190 256 547 -351 263 -306 687 105 -390 411 83 -121 345 247 -224 16 546 304 -299 9 275 -85 -224 423 251 414 159 -441 -387 449 437 113 -129 -268 -564 20 -337 -372 67 152 -164 914 424 -436 -303 403 -777 -72 295 442 -579 -840 -70 201 -596 812 -420 210 284 542 -92 -104 0 -302 344 -293 155 155 411 -49 -179 423 -8 122 387 -609 -542 -547 743 439 249 -232 97 270 -684 13 -1143 -110 -116 112 -214 -597 101 42 869 147 -503 -148 -64 -283 320 -501 300 49 206 -119 -428 28 302 142
-150 634 328 -2 610 24 28 -584 -178 -255 393 -43 -184 -450 -12 1142 573 377 5 820 -187 399 -50 532 -116 15 -149 -284 325 85 702 -79 -623 -470 554 441 -166 -39 -164 635 379 176 -470 -271 -408 -139 323 -37 -518 -282 479 213 388 178 -262 -178 404 231 745 -5 -603 27 -476 315 45 -343 -529 289 -365 -1 272 -105 -393 279 -329 -417 720 482 -10 36 202 561 -157 -466 -340 326 242 109 -508 309 323 652 913 -106 -61 376 195 -542 -200 -116 161 64 -327 950 255 -432 -512 -396 121 -115 -788 245 -136 -223 441 55 -166 -25 -139 57 -198 -398 -511 -161 180 -605 -292 -368
-570 107 670 -876 -350 722 54 -122 -268 534 -533 -126 -217 234 246 -110 -670 743 -751 -99 336 168 -205 -589 -396 141 -966 263 -501 -9 835 -27 150 -223 538 -131 -199 454 -335 4 -2 -3 -262 546 -335 248 373 49 -467 -259 -175 532 -1119 27 182 -60 -347 -96 -193 -21 175 -141 -448 114 621 -136 -47 412 68 -18 -872 -339 800 -690 600 -125 -247 244 -477 170 -167 -796 269 -462 64 105 56 -32 87 675 -6 234 391 -464 -134 -77 719 -163 111 -42 -137 -139 -458 -439 -242 142 271 -111 -422 -119 99 391 -501 375 209 -226 13 355 -34 428 132 646 -550 -979 125 187 237 -272
338 5 -305 276 73 452 -294 -98 -268 -651 -79 -184 -53 -759 -340 -358 -146 -703 -111 520 -582 188 427 -5 249 329 -355 -422 -432 -250 -478 -231 -571 -529 -523 -78 -1190 -1121 373 874 -630 -245 -697 437 -81 251 112 432 450 -938 -447 -760 307 -335 783 56 198 -254 -200 -133 -489 -182 -330 256 -384 -536 -325 507 4 89 13 40 -102 -101 -15 -640 319 -241 -337 190 53 13 785 520 -362 47 333 -159 50 -15 -84 174 124 -60 364 303 -195 572 71 -222 343 -470 -721 -257 314 -304 -83 149 -405 -362 -73 -485 5 69 57 317 -429 -28 -41 -293 -561 820 151 184 300 -444 -413 -670
-266 1149 155 262 492 218 1483 6 -691 -528 715 -494 115 -330 354 -619 -111 -772 766 -26 -211 -334 8 354 330 -864 284 321 -341 -49 -295 818 -731 790 15 484 22 252 351 327 -311 264 272 9 -606 -286 8 -559 -806 65 -109 -203 -287 193 379 -325 -381 110 -351 457 -253 -335 -208 -27 126 56 -141 -543 -171 218 414 477 594 -318 -277 334 195 -328 -126 -733 -868 -740 354 -149 -363 863 -39 -155 77 305 524 -77 -557 -474 369 241 306 -285 -59 -603 358 681 492 -186 43 188 177 360 -230 -535 159 -100 -119 -174 461 204 -308 -331 -103 310 53 -208 895 -611 151 -130 127 791
300 -851 74 -25 -296 737 236 -119 -302 101 -6 -804 430 315 -619 227 212 -807 326 -705 539 -299 -742 193 -266 161 63 -310 -535 49 -473 -235 3 -141 1009 -338 -676 -998 -168 -254 136 301 88 456 121 -604 414 -47 137 40 -866 198 143 -557 340 -305 -542 -344 -502 385 710 234 116 -26 295 47 -333 553 466 -197 530 474 652 382 -225 214 -475 -253 630 -181 -230 -582 -206 -404 77 693 -498 67 -273 -797 -511 516 -446 49 506 -214 -331 -906 -11 -1161 -694 -376 -8 298 361 -58 -53 -242 119 821 -243 600 -507 -392 -40 -128 -342 346 -137 -318 -64 386 -31 -172 151 -47 -61 281
-478 268 259 -116 317 492 -335 391 -212 568 -440 334 511 40 -273 -43 -234 868 -653 -7 293 -52 -119 -36 539 396 -38 480 -114 500 414 -11 -341 329 -131 25 194 376 791 -693 -457 218 75 -379 -240 -70 91 239 -547 -192 -32 -686 -494 -199 -676 -336 -733 188 -983 192 1643 -727 -1009 31 -27 116 -192 833 178 471 -133 122 -104 -101 -431 862 -299 -70 -399 -188 462 -358 547 478 466 11 -442 409 16 475 88 -95 621 196 -82 155 180 -649 521 -8 577 349 309 -573 120 728 -136 943 -165 -45 110 -179 117 516 229 -365 -611 -7 -220 164 -175 560 772 -724 -110 574 -13 312
-22 141 -396 -667 -425 -432 185 -195 3 -727 249 -805 1031 -191 -222 104 54 -474 220 -244 -135 48 382 850 -349 674 87 -701 -63 -282 -335 -422 -439 143 241 -745 -541 410 -532 -142 -252 237 -291 -191 -255 -456 192 36 -145 172 -518 -184 -381 104 102 -281 -355 -262 -376 -111 -457 859 447 30 619 791 -422 -609 -803 -315 110 -304 259 -125 94 513 8 -108 -148 -128 -580 -86 -332 178 110 139 -500 319 -631 -194 -628 -39 -553 541 -50 -567 -622 -264 123 -363 -360 -69 24 521 -565 283 626 -11 -386 -28 -276 -342 -221 -482 1141 923 -153 -893 306 -864 272 -501 -299 129 -226 -964 226 437
-251 56 191 272 439 -193 779 72 1012 724 239 417 -124 -944 449 -616 11 4 -459 -739 -607 587 -349 -89 26 -764 -7 -475 319 422 -316 -620 -384 608 374 -782 102 712 -392 335 -236 462 -125 130 343 -252 -125 172 531 326 198 842 39 147 -134 -459 316 -702 378 -764 -128 -778 -482 750 602 360 207 -2 221 389 -414 -18 410 -377 278 -104 -356 213 -295 -204 96 950 -249 -45 89 -197 -9 522 -311 -178 -107 539 241 -43 -342 902 694 708 485 233 -479 -102 -300 203 293 -272 -167 806 -491 239 185 357 202 -75 232 -15 -806 -468 -203 191 162 -510 -95 137 -555 -210 269 186
151 323 -328 -834 50 -287 7 -577 -585 183 465 91 307 37 -2 390 601 200 -76 -170 -86 -224 -588 -150 262 -253 -901 176 257 -52 -156 -170 -221 -448 435 -43 -781 296 272 -66 -90 306 -739 364 448 -308 399 742 308 105 546 539 -435 627 268 -306 -12 -443 432 33 -117 -151 -518 643 -586 -306 -497 461 167 -74 58 -16 -125 -293 -406 17 -809 58 46 -122 -93 13 514 -6 262 -12 108 -216 -250 855 205 -144 234 72 -377 -130 254 114 394 745 447 -229 -1041 26 24 -72 463 647 -708 145 -403 -342 -157 2 319 165 232 -387 82 -203 222 -13 420 -195 -229 17 -99 168
-505 110 81 -492 -514 867 137 -439 940 62 17 26 503 -172 -459 -110 470 -236 -253 -383 1 -719 -368 184 -31 331 279 410 314 266 -273 385 -81 305 136 103 628 569 424 -1010 -45 -54 -309 1175 48 -468 43 665 -521 -633 -423 -595 -625 -780 813 198 -382 240 -301 905 193 -432 -237 -510 56 489 -587 41 -359 -406 -606 -28 416 -513 -360 429 144 -194 196 -241 -914 -799 930 -77 961 -42 -959 -23 72 141 -506 -651 -238 -465 39 -383 -122 302 -371 -629 -441 -222 -841 -843 27 859 58 -469 121 -153 -284 202 -430 96 877 -734 -1132 294 371 30 183 215 91 -539 161 -677 -299 654
-295 252 88 -27 265 648 -165 250 220 -107 -155 201 -546 662 155 606 157 305 546 -531 -64 -185 147 -299 -372 -133 982 -504 140 330 194 -599 188 381 -211 -104 565 543 314 -299 89 -138 -107 -130 333 27 157 428 600 259 -372 161 328 -247 -267 -943 -126 -223 -291 293 -819 -420 701 253 32 72 350 -171 -258 -92 536 848 718 161 27 203 -250 -447 -40 103 236 127 -768 -802 347 53 371 471 430 1389 -824 252 -128 605 737 220 -247 -855 1140 250 -235 293 262 -315 -199 -254 -342 159 14 259 -540 558 36 -393 -145 -490 109 -520 -408 734 -157 -368 415 163 340 -306 -211 -333
-524 -197 297 12 401 664 -236 351 -103 -502 457 -142 903 584 -124 561 163 -211 51 200 -227 -47 313 221 -381 301 373 331 240 -98 -260 -330 136 6 133 646 151 -235 154 387 561 597 25 108 234 -706 -172 144 -69 281 -43 293 -597 138 -650 -204 477 -163 -111 710 705 1214 250 151 -416 70 -523 100 -735 -227 62 185 344 -194 -501 111 -324 -442 -484 -292 -36 256 -210 -262 -334 -62 -465 123 -212 -609 341 -286 -487 64 262 355 90 7 -497 -61 -1035 -82 161 209 -337 -42 506 510 -664 -145 -202 -384 847 -181 755 -554 449 335 255 80 -215 200 0 491 -399 -336 340 700
136 -710 -209 -247 92 -456 -304 -390 -505 269 -83 -344 147 -592 -101 36 -176 -144 -469 99 334 241 139 -150 -242 95 125 517 228 963 489 -612 233 -409 -83 -161 -266 -956 -458 120 296 -129 224 -849 -127 -256 463 -217 -298 146 912 280 -213 389 -155 -314 -303 56 -824 -355 -391 771 381 306 -1042 72 -344 127 152 12 192 246 -214 724 -477 -577 -218 -59 -199 224 -163 160 42 602 36 -19 126 253 -326 -645 -443 -46 455 498 -260 -127 -131 -661 42 -166 273 -734 -433 571 267 85 -543 -252 327 410 14 -54 -662 6 -311 -457 548 -452 -42 287 476 -40 -413 722 -383 -185 198 -111
942 -974 -438 -183 -187 -48 226 84 -652 449 -497 318 312 152 -347 87 -27 -117 154 499 247 -524 191 317 73 -548 265 96 -116 49 -113 6 -348 473 -184 -195 88 82 -351 169 407 -249 -102 -357 398 153 160 50 660 337 -214 17 -565 -99 -481 -361 -19 29 -326 -376 474 -21 -538 285 5 599 149 -219 -101 446 -122 280 511 -330 155 -486 -47 222 33 8 -67 -197 196 -383 507 -479 -134 244 -75 -22 -223 -198 823 659 319 455 294 -165 285 272 -394 -364 -81 185 -857 -126 238 -423 264 -316 -23 82 684 -54 295 326 -240 -86 146 -486 120 97 575 98 143 -262 478 418
253 -394 902 752 479 74 -679 -513 -556 -870 -281 1029 462 -174 10 -39 -277 -888 636 -290 -118 41 -420 -166 -12 -89 81 -191 78 273 -528 710 -412 547 335 -144 -246 -458 84 -223 775 -505 196 297 466 371 -579 -113 269 208 -362 -74 206 -884 405 231 -166 -400 362 -424 -40 506 323 328 973 -227 631 397 203 357 93 169 -342 727 -95 -366 289 -261 -210 -362 -501 256 879 469 -383 719 -419 -462 860 -883 -551 924 -783 519 -95 -46 -843 329 -177 749 -325 -179 68 459 352 -1566 -60 -299 58 -76 3 183 859 423 186 40 -32 -257 204 -114 -130 -474 25 -88 769 -209 -102 -185
2 -87 696 -128 240 -347 32 -275 87 -542 -352 13 -23 -463 -117 508 175 580 167 162 -82 -252 -289 -593 563 21 -265 -681 367 -625 444 58 900 -92 -86 17 824 592 602 17 646 453 266 251 -516 -502 -303 -421 -270 950 -15 242 475 -479 216 1034 322 945 497 379 242 147 276 -692 231 350 -594 508 133 253 201 -264 -438 -393 -333 -252 195 424 171 -488 -282 309 -135 -79 167 -499 171 69 401 -234 978 445 -67 157 -647 -261 -34 -25 -705 142 173 -466 -391 -404 721 -789 506 -898 -127 678 -122 -618 -310 274 251 -156 -565 789 443 565 311 -301 -548 509 -334 -210 183 -521
28 188 197 271 -7 -189 802 719 -198 331 -457 818 -695 -265 50 -120 -679 -700 268 -744 179 -659 255 93 -666 253 42 -49 -82 -137 -476 -27 202 -38 262 538 21 -582 -446 -103 97 263 728 871 -317 713 549 -20 669 189 -132 68 584 240 1206 399 374 47 1183 166 17 -287 -267 1496 146 111 -105 -225 961 -196 20 -508 749 513 -377 95 -336 37 699 436 79 -277 -58 -682 760 -425 -133 204 486 85 351 236 84 -399 134 -307 998 71 158 262 -845 478 -433 -559 -472 -635 -543 -185 364 -485 666 -660 -144 -23 22 731 141 437 -402 -336 -59 449 -491 -39 -363 -139 -329 -754
217 232 461 -275 -104 -125 474 -590 394 147 -315 -262 -499 -32 -199 -217 113 -508 40 2 230 -513 -99 78 -318 285 -231 305 257 -105 567 285 33 11 16 -1023 -139 -554 56 46 -220 -144 -31 15 -125 21 -408 138 372 -413 5 -133 -340 63 301 436 69 -82 183 275 402 77 106 159 24 -265 -492 52 823 -119 -237 58 239 245 133 14 365 233 233 -706 639 813 254 -133 132 -199 -514 120 298 126 4 99 -505 -184 -430 -743 226 228 -593 -355 -115 753 90 -854 384 -613 389 -340 24 368 348 -604 221 940 623 298 -781 221 -400 -398 306 65 49 -665 422 758 -76 -369
596 192 -328 668 262 3 -125 -150 547 428 -31 235 829 291 -15 107 455 -416 -336 48 -309 137 -602 -409 25 -194 615 -122 1183 -505 -972 -406 319 -387 14 -44 -519 177 -541 6 15 80 723 -547 224 -303 136 -370 203 -217 597 296 -334 -324 -435 -132 479 332 598 69 20 78 101 206 -282 -273 300 -402 48 -165 248 281 -170 4 -91 460 127 4 410 596 74 -125 -320 -146 -56 -36 267 -1103 -52 65 -83 -650 167 591 200 85 -50 -574 -861 -90 103 -649 32 141 323 245 -87 -147 297 -146 119 -856 -267 97 342 127 819 21 -347 -385 -422 28 -359 174 -259 -32 -193 684
736 171 316 255 429 -255 558 -238 50 -225 -5 114 -328 563 -62 94 231 -223 -128 -121 324 121 -49 354 -366 907 13 1009 186 -276 -481 -115 20 88 -184 14 -244 466 387 104 102 -354 -49 -267 -146 255 460 -366 517 -86 554 638 267 -408 674 -208 -254 0 -813 51 359 -614 372 172 -330 -517 693 1018 37 377 -350 55 326 244 445 403 -842 311 494 -107 91 -155 543 861 94 -224 748 251 -69 -277 -21 15 -677 -533 -236 -226 -320 289 229 -2 21 597 -459 462 -877 37 -212 101 455 445 -569 635 -69 -288 -446 341 -264 142 325 51 -258 -176 157 -111 13 -108 -298 -432
411 -195 1233 -326 244 68 -280 -554 -712 -758 -115 100 139 93 215 542 -347 218 256 177 -384 -576 -345 -48 -518 -85 400 521 -381 124 36 -238 75 886 371 8 53 289 811 265 609 378 -51 -11 -268 -669 -449 -926 29 765 -281 287 -362 65 191 -383 130 119 -225 124 -61 -94 482 150 118 524 196 -599 66 461 368 193 -249 306 215 -120 -351 -425 -524 -9 -877 -341 793 -822 142 252 320 -314 482 -394 523 627 -655 -762 -443 282 -341 -430 232 446 181 479 -90 -69 -332 -1161 -753 2 150 589 -203 589 520 -632 -255 -214 149 316 38 384 -536 196 1076 -307 807 -86 162 -62
72 4 328 476 -316 -306 -205 549 61 314 476 280 -45 -84 -63 -1028 -185 -144 -334 -507 -696 262 -700 -504 17 -411 366 -338 412 -396 -928 -234 242 681 196 -706 -141 186 -131 141 -154 -63 -77 242 613 550 -4 -518 453 -518 -168 476 -86 -625 -195 -54 -152 -1157 -164 -307 -380 54 123 128 84 -187 147 439 562 10 -200 237 -481 432 830 -40 -397 466 -745 81 661 593 -34 -40 608 -670 75 31 163 165 -310 -528 -315 165 -279 299 -110 557 -363 549 155 110 328 692 87 75 -514 -204 310 62 76 487 -6 -529 -149 365 279 -341 121 -386 -765 -538 -104 -497 330 282 180 -28
304 252 -166 -306 350 309 -69 -296 -465 -697 -623 -109 538 714 253 -65 717 862 114 88 -208 -48 493 -276 -115 78 150 -319 864 -97 -57 146 -110 -272 -146 -324 617 29 302 77 10 949 74 824 919 -199 562 66 -146 774 -627 -142 568 294 -332 16 655 389 166 -20 439 -54 248 -749 -476 294 150 -56 87 486 -211 -388 -19 -159 427 251 -430 241 -48 321 582 355 -399 161 39 -225 683 522 -428 -621 -258 -667 354 289 -5 -64 569 -579 345 -588 165 -551 727 224 -79 -160 741 -599 -240 -480 399 12 306 -633 726 -649 -324 -396 477 311 375 -390 -155 44 -330 486 -108 820
-696 161 91 267 15 434 -64 15 -425 364 8 182 94 219 68 497 -113 358 -60 179 -55 78 575 683 -244 687 521 -157 121 -820 48 -581 -194 470 344 -187 34 -604 -338 -440 436 269 -223 -826 1167 264 258 227 -9 529 251 -333 44 96 100 -406 716 558 -185 -59 -183 1189 391 -199 535 68 797 -709 110 -197 -48 118 514 -133 144 -281 562 823 31 563 -251 -105 8 246 77 -462 -200 -223 556 -71 -496 -343 -938 567 -82 -291 -292 -1033 -400 558 59 180 -447 72 -458 -9 -8 -669 927 -156 194 104 46 -377 619 -140 528 -35 347 443 -123 270 -332 -268 12 -476 32 487
-25 372 588 -368 -241 270 -340 -469 -378 219 -391 -4 -234 -170 -255 48 542 375 -107 -181 288 -7 -90 27 -318 -349 -134 82 -126 282 -547 -465 1007 -192 -64 298 -552 232 -270 -17 -124 -210 -988 612 -451 160 254 -447 -358 -327 226 425 133 636 -312 -282 701 -179 616 -168 -922 592 132 -165 -118 -771 167 8 10 -386 176 -390 306 31 -292 -417 464 -144 342 -248 -125 -1113 88 709 823 -266 -28 -59 149 360 210 -585 45 -584 -86 -485 419 -257 156 -56 195 -315 10 165 410 -10 -770 -1241 106 410 -55 -308 -891 -682 -368 -253 -8 22 424 -130 -201 114 -377 64 -38 -433 -690 -60
295 19 446 -57 -749 -561 888 -235 202 161 -117 -72 -345 -160 84 370 16 836 -35 465 -289 686 -213 288 624 596 -1004 705 516 -652 -8 164 -38 -522 80 -779 -15 1631 -372 -39 4 732 -256 296 -173 72 491 -202 356 34 -481 49 -194 -474 -390 12 -97 -39 213 -110 120 -173 -152 -277 468 530 350 1154 841 -185 -358 -321 -120 165 45 101 247 666 -505 600 36 10 -400 -354 754 -89 245 168 18 -773 421 -36 199 -266 581 466 237 731 -43 -175 519 -436 -838 843 663 -242 -714 -240 446 -262 565 255 202 -96 662 -706 -386 -195 -455 415 -105 66 -232 -106 606 375 8 495
-560 20 -302 -32 462 215 908 -253 523 515 -388 455 -211 -154 141 143 -60 -746 -323 -167 -203 -73 -512 -672 -86 -315 -79 -230 704 323 -141 -73 -322 165 -849 865 390 79 319 27 -219 -278 104 1114 247 -68 164 -225 -124 -132 242 206 -239 -41 -497 54 328 -185 466 -311 -96 -818 253 327 453 209 -206 -265 -69 497 81 -306 1077 175 -400 -101 -191 -219 11 -209 -136 -41 241 567 752 694 -282 540 78 -256 49 -271 1497 274 740 -53 663 676 278 22 -465 -105 360 -211 104 80 439 387 -615 -710 425 -298 -570 27 125 -79 -224 -156 223 1195 973 -128 10 218 -766 -400 -192 788
-312 199 221 -204 -295 303 -536 -8 442 -44 -118 -139 251 54 266 234 295 -594 -520 -363 -444 -1368 416 30 -334 295 810 108 480 -60 -451 -183 144 372 213 153 -183 -2 -110 64 -82 133 544 205 447 -318 481 -45 -125 -44 -120 158 -101 -158 210 105 318 280 340 58 440 -229 183 139 -145 121 194 -386 231 115 628 -510 -250 664 341 13 223 564 -27 261 85 78 176 181 669 -836 -86 -478 29 866 -318 459 -280 -706 192 -58 93 -153 -586 -42 7 514 -449 -247 -212 150 -820 -648 1065 709 420 764 178 44 -444 -173 446 -210 -188 -15 -561 562 -54 -56 492 131 -47 -226
-64 108 542 829 -214 21 64 -388 143 658 -32 1273 -166 -285 544 -319 264 872 183 1029 217 243 -83 13 628 -132 -127 636 -69 243 1154 -106 676 351 -33 -494 -261 305 -216 218 529 656 -67 -394 -139 509 -253 -859 290 -140 834 -666 57 679 409 34 -367 -222 99 761 -417 222 347 -442 644 -39 505 -589 43 -254 -832 324 -459 -195 622 46 464 -412 -257 218 47 -740 485 344 114 76 254 30 340 -571 167 -10 230 345 300 -313 -1010 155 -201 609 -121 409 414 312 169 -318 -286 496 -366 -312 -510 127 48 -839 32 -235 74 -72 510 -501 -419 -573 -306 38 -424 79 -142 320
-894 74 195 139 -474 74 612 537 -222 -1231 24 695 -81 -1020 131 367 -724 514 640 329 -115 -438 176 169 39 -1 -19 -41 -406 189 443 606 13 -421 -2 560 -199 -363 26 241 346 329 19 -87 153 38 -143 372 -919 -383 144 -954 -122 -182 -132 485 266 442 -389 551 -353 88 87 434 359 -136 -522 -319 -676 -236 310 -514 257 1041 -2 -139 253 -591 -230 -8 -371 -794 516 -356 279 63 -165 267 277 451 365 -72 -135 -557 63 248 -49 -382 -296 -213 449 -306 -260 -223 -467 159 765 -438 -193 -340 -198 81 256 -79 -8 -425 41 -134 57 18 93 16 440 -199 85 -757 -226 11
-10 -189 -3 -184 -223 -634 -328 302 -10 165 592 -144 -328 294 492 51 141 448 -175 -86 163 -545 -22 -235 -569 -86 362 -111 639 359 9 374 -18 47 778 -440 104 -201 21 -229 616 -364 -57 -569 -323 230 409 166 391 106 -585 439 -395 225 -140 -18 -341 -551 591 13 -525 -254 -18 965 1000 -34 462 -139 191 207 559 -201 -4 -241 438 -1 193 456 124 -210 -473 156 110 -573 63 509 298 -253 831 289 -315 41 306 49 -183 -211 692 103 476 737 -57 -297 388 -94 -664 -63 16 316 13 82 93 159 243 419 -173 -215 673 -5 -106 -313 19 -1114 365 383 522 -204 168 -296
133 -338 -7 530 -113 -411 -4 373 244 -11 -178 -143 456 -105 390 -255 -346 374 -551 -280 -210 83 378 -77 -131 -176 -161 -436 286 117 -452 578 -263 37 -406 -238 -7 -440 445 -548 -160 -340 283 622 283 -28 40 -90 153 361 78 -428 279 170 -93 -204 151 -126 -547 -16 206 -455 153 -255 -517 -309 -268 281 561 -233 149 -79 502 204 309 26 193 282 -39 -509 422 268 -798 247 -1037 875 40 278 376 -706 -105 -53 334 133 415 82 14 545 336 1035 -70 -613 275 -1181 469 -418 301 117 -701 -397 349 -378 -218 579 -154 -798 469 159 -229 523 256 -397 -387 397 -18 -30 313 -12
340 281 875 949 128 458 -305 107 384 -498 -272 45 374 268 -144 45 165 368 -247 -584 296 -667 642 -318 958 180 596 190 693 -52 -433 247 466 -1290 415 -332 -353 -464 931 315 -61 63 -173 377 289 -586 424 811 379 -112 190 464 348 -86 539 495 260 145 720 574 -86 -18 -445 133 -478 -241 -226 326 -154 -564 924 248 -152 223 431 452 731 141 -197 156 153 226 -161 -399 -18 -772 618 -491 516 75 367 -369 428 -50 287 -671 -283 786 -668 67 -309 586 54 -320 187 -518 -177 -475 384 250 -113 -160 -206 -191 -2 -178 245 -16 15 -70 -1067 15 -1097 -455 -223 307 -125 -108
1016 -467 245 472 -174 -635 -127 -583 -119 -330 728 -125 321 1041 -972 347 96 -325 -226 -323 -437 426 37 53 -271 500 -565 -23 -89 -306 73 375 64 36 82 484 -369 -419 260 -555 -71 -794 147 -334 444 102 -49 297 6 32 48 -685 -325 -497 -19 -127 -174 -77 966 -85 556 505 -630 -255 371 -923 -63 418 118 -483 -112 72 247 635 -114 -557 81 813 750 229 100 185 -116 175 477 894 -282 973 -226 -133 180 -136 308 -621 152 -376 -267 -219 310 180 -320 235 -597 963 -2 -116 13 -886 31 527 678 288 -739 -392 -98 105 -577 636 -421 32 -51 227 -218 -974 -331 -477 -62 -268
-150 803 -1 260 -362 1145 333 170 -210 -172 652 144 256 185 95 -341 -123 -111 122 -630 -69 87 -380 561 -328 173 -113 -343 -31 224 13 535 234 482 -184 -208 -99 507 678 -155 -606 -689 399 645 -226 808 651 773 -330 -872 -476 -640 -99 321 -10 -228 966 -206 82 485 751 409 -313 283 821 -163 359 -926 270 -458 481 -529 411 -319 237 211 -257 -5 251 -502 234 -65 84 -517 377 370 -518 -535 -278 337 965 -249 -169 51 509 -370 39 725 -511 -166 -44 -134 718 -920 244 591 31 569 372 -176 18 -507 22 -348 111 -101 -188 287 -137 735 221 349 367 -129 246 370 740 162
975 -642 326 -63 475 337 382 -267 397 275 108 -629 221 -468 -181 -263 25 -65 57 347 -413 54 -196 308 -361 -347 948 3 256 252 -616 -462 121 243 467 471 -418 -200 -305 791 -152 -169 261 -313 -78 825 369 157 -781 -520 369 -637 -163 314 -411 -834 441 -238 -19 -296 -731 -175 -402 -197 -276 135 -506 -335 57 2 -162 -505 642 789 447 -362 710 -507 -3 118 -540 359 119 406 -227 2 87 -103 18 -476 -64 -342 131 -351 467 -2 40 -451 246 -31 -65 -736 -80 -234 485 -20 -42 -296 -702 337 -135 -50 -100 165 -49 -584 136 -490 -84 -55 -338 -512 -255 -924 -151 21 -85 64
683 59 66 284 -313 -292 -304 -261 27 -380 271 655 139 -289 601 795 -19 -129 -885 267 -638 -294 -202 195 362 564 159 175 763 -46 15 -1016 757 -135 -763 89 -524 -50 -475 -94 -385 261 162 15 -189 -295 -317 97 264 767 253 40 486 -852 137 -305 604 -396 -327 169 513 -5 762 -192 -257 337 -280 310 298 699 -97 593 159 619 -1067 73 -129 290 594 109 77 -566 267 -40 -29 717 -32 126 -285 -112 544 -47 90 27 500 299 -274 402 375 283 398 227 -190 -263 110 473 -263 -30 -416 -632 355 -507 -998 765 470 219 55 -367 -70 42 -632 -115 211 328 -401 -807 -560 -248
-69 480 296 77 -433 -773 -4 159 461 370 -19 384 -125 -210 -85 -6 33 -113 780 26 -105 37 -570 280 -94 326 748 -197 210 -167 609 -148 384 -904 531 89 -386 -262 -220 -109 458 192 1 -610 -128 322 494 -239 12 -465 -582 -480 -3 -123 712 264 -82 -117 -126 511 -340 800 175 -297 -238 337 -22 -3 469 -562 -171 533 321 247 210 -678 709 -318 228 -25 329 -392 620 415 164 236 242 494 69 -742 -498 345 504 32 680 438 62 -998 -693 -434 -400 -70 904 91 381 -131 -461 -99 -67 540 -24 -187 99 -118 452 -417 -108 253 -54 361 -141 -123 -744 -45 573 -234 -491 138
-966 -142 291 -43 277 770 -450 -922 332 354 262 -204 266 -109 86 520 -36 817 -275 589 427 118 -191 -251 -53 443 -282 800 -74 -612 -76 -371 38 -245 -30 -164 400 -706 -802 -96 -27 -612 -450 498 -304 -158 20 -22 413 -41 450 270 -520 748 -263 364 412 875 288 318 303 185 169 -304 171 -93 47 -370 218 -222 -168 68 102 -1160 -280 -178 -368 274 169 755 430 244 353 234 -76 -619 375 -716 66 -176 -67 -854 110 338 -52 -1374 -14 119 -409 -53 -97 296 141 -390 375 297 -222 10 792 -240 -215 -319 -239 333 181 147 606 793 -241 -9 -70 505 -494 367 -186 765 -162 -115
94 123 200 688 119 -517 385 -33 86 -130 -867 710 -38 -152 -183 -1044 -574 -950 -394 214 204 366 -147 -616 119 153 338 -397 647 183 -706 356 602 9 28 273 -73 -703 -243 -339 653 -82 403 322 106 516 321 -269 -121 -34 278 -121 -482 -509 95 -105 319 -569 560 264 83 -385 641 67 -96 -233 902 -236 193 -304 -117 -26 220 523 413 -354 268 -613 -349 228 456 -203 0 -248 226 -389 -708 382 29 -330 -567 78 -346 -529 -24 -124 -793 -56 292 621 -426 204 -135 3 158 -479 185 -320 374 -453 814 313 175 805 -1049 19 76 -170 -177 107 -185 192 557 -34 -112 319 370 365
303 -253 303 -616 255 9 265 -24 -94 -654 191 -588 697 -676 -41 357 140 -291 378 670 54 -757 -138 -195 -324 -142 488 179 364 573 210 302 72 -2 112 14 503 -371 296 59 -463 367 241 90 -55 -171 -733 -203 -436 173 215 -379 431 691 -494 619 -260 637 -124 -59 396 92 -144 -600 -311 -414 -389 429 -433 46 306 129 -27 561 -56 38 275 22 -394 -768 -297 -208 -18 120 -36 78 22 -550 -78 178 226 -1077 -254 -240 -528 -100 269 -445 -630 -265 -74 279 -209 135 513 96 431 134 -812 158 85 -221 -115 334 -268 -253 -152 -635 409 581 273 58 -333 -755 291 309 -29 85
80 -201 -676 -483 -106 -828 -515 610 -742 49 191 344 -140 -342 -112 -257 -327 -390 537 734 228 -299 -366 393 981 -25 -697 -270 -186 -427 655 149 -135 903 -169 -122 -232 -153 176 496 594 -589 -707 -803 802 611 -328 341 -216 296 385 -491 446 -375 107 -371 204 -28 18 131 -73 207 536 -206 -702 -146 394 -137 -408 80 -32 405 -529 437 867 -815 531 -142 -190 -232 9 -88 467 77 -132 -323 122 -680 -545 625 -340 138 236 826 -349 -383 -515 -306 350 1158 401 -285 -308 -10 -927 471 92 184 560 -236 -307 -33 293 -254 -374 319 -249 119 -461 -761 326 52 319 540 -44 -402 307 -7
-151 353 695 1127 263 -243 -54 391 -477 -682 -301 91 2 -326 -489 -371 -174 889 -11 278 137 318 -100 -60 356 591 -570 114 -118 -207 -215 -156 -205 53 -469 290 -255 359 -569 -841 -189 320 17 462 140 478 -613 -243 -76 -100 -339 -172 563 -379 -223 270 55 -638 -32 581 847 -151 -123 -51 84 -303 -96 427 674 405 -466 -962 -229 320 -522 425 286 218 228 216 225 -514 -585 20 -461 209 447 73 136 260 689 -546 -107 -360 246 152 381 1053 288 771 282 202 892 -369 -92 18 189 -180 -456 -268 110 -450 -1 402 229 -351 95 748 -36 -202 -443 356 42 -200 549 -445 33 -181
-398 12 165 -367 -22 403 259 48 -141 211 -253 384 -5 -347 151 213 -326 765 373 0 -53 -103 377 -41 581 162 -227 82 -440 -716 323 -251 -694 450 -26 -119 543 1051 -221 103 -657 317 761 281 213 197 -327 -500 -339 443 -313 -16 391 -273 32 255 172 205 212 474 214 388 320 -260 394 -46 198 439 -51 -369 -619 389 -188 -85 133 -3 -8 13 -681 80 -684 -197 315 282 -68 246 185 -223 -256 -659 393 11 -159 327 -152 -574 46 49 68 302 -103 -290 311 541 -419 93 -1063 105 -130 -687 -475 -95 60 280 262 12 -151 -105 -371 164 397 -327 -297 8 261 -173 -460 235
559 489 -468 754 275 -54 220 220 385 74 112 -3 1034 107 -43 260 230 377 1082 415 596 -351 -345 919 -392 -342 -135 -199 -215 34 -606 -59 -406 -508 306 187 -390 131 525 -578 450 593 -293 -304 -34 -18 306 -27 163 699 -269 -417 -62 1223 519 700 -277 862 -134 924 -210 -239 -551 28 -644 48 231 201 -204 -142 104 158 -761 -430 -656 914 -173 57 531 353 278 -396 -61 -781 -39 -71 777 -747 553 351 -53 -315 350 97 -58 -547 -388 -811 -82 431 147 -1149 -923 -178 -220 170 -375 169 180 137 12 -563 -699 -1323 -465 -364 -167 -354 315 91 159 -179 -183 251 -105 466 -468 582
-70 224 -152 -768 -650 151 407 407 67 -12 391 -500 -810 -278 659 177 -161 678 402 27 297 195 11 101 63 -8 -360 28 -829 -456 275 -181 398 -255 61 708 64 624 4 418 -342 -384 -830 -743 52 333 67 211 -151 3 474 202 -225 324 390 -60 429 -154 357 257 -669 -191 -93 -151 -683 -486 -151 255 -299 -669 -344 -625 287 5 143 -224 -371 626 -245 -434 363 -261 -472 689 -87 120 -62 477 -540 -54 131 -281 135 -376 -62 50 622 722 120 -735 773 -184 -432 30 -140 257 -441 -359 198 -438 -249 -508 115 773 -71 486 97 191 242 -413 299 -127 -20 530 -575 -191 228 -344
-316 411 205 -6 129 271 -268 -205 480 -859 481 404 676 -703 -31 235 -825 357 23 -397 119 -196 126 199 -101 -148 455 244 30 179 104 606 183 -574 -30 -262 43 -155 400 388 -579 -51 872 -794 -243 -205 43 -507 460 288 -312 -996 495 528 455 266 -182 -103 -115 257 959 -111 198 -118 -61 -388 193 -132 182 -329 687 75 -248 451 433 217 -388 -140 -423 -219 12 316 -237 -252 -541 334 51 -38 143 -33 334 82 105 -93 586 431 -285 360 -300 -124 -488 429 688 -638 636 358 -450 807 258 256 376 -598 -600 -274 -482 182 697 309 -242 -366 -24 624 247 757 -113 -43 692 552
-201 103 80 360 -433 -29 305 68 213 -678 527 215 273 260 844 68 451 -241 -83 -281 300 -244 368 -349 230 207 291 604 -149 -220 327 192 -87 441 -296 -531 204 -458 594 408 392 38 -713 -31 37 384 338 -422 667 352 131 217 479 -147 -284 -502 424 118 -92 -398 -250 3 -60 518 -213 -455 -29 16 -364 -803 338 -205 -208 890 711 -200 253 879 -557 95 195 78 -140 579 201 -50 -369 -410 570 -359 -558 519 166 -385 530 -648 -398 34 659 239 -275 304 909 350 -328 -512 44 117 604 -315 -600 314 481 -1083 207 117 346 -816 208 56 -355 -139 511 -108 117 129 431 201
924 -259 64 483 547 -180 -441 308 263 112 313 -456 -337 196 -445 -296 -872 143 285 -354 -319 278 -548 370 -517 -340 525 364 -306 276 69 -571 769 190 -313 20 -305 -450 -362 -46 -272 -567 -140 -554 769 538 -771 -70 326 124 32 -331 656 655 255 301 -321 -589 573 -184 -189 -133 228 134 -123 -207 113 -435 306 -225 -504 -788 426 -321 76 -448 18 -576 875 736 240 226 -685 -915 -1348 -511 385 333 103 -446 379 -143 -629 -430 132 65 -349 386 -228 -57 -234 -598 159 -748 -692 241 177 332 573 356 208 -173 -25 258 -435 536 263 598 282 123 -218 263 -914 339 -227 -137 -133 -385
436 -638 140 315 -426 -340 -369 -41 164 -160 -566 -74 -159 494 -113 -404 401 291 619 -835 -1099 107 -195 -552 403 82 843 -371 297 -689 133 -344 325 0 437 -308 -542 -410 -348 -70 486 -37 176 129 187 20 544 -611 275 -102 -901 -64 -285 294 72 96 254 -81 -387 258 -14 -626 454 -101 -293 1193 205 -66 -273 836 -840 -126 730 -984 462 -186 -205 -176 606 1068 1277 797 215 107 -470 261 1043 -209 253 -1168 -589 96 -435 398 -22 -372 -313 19 -79 115 293 -612 694 -164 -699 -95 43 -291 -48 596 -144 262 32 45 -243 -215 -61 541 223 130 -403 21 -379 494 -494 -93 60 475
2 -712 360 543 558 -87 -243 881 -420 582 -307 448 -389 333 -436 -413 -796 94 -555 90 -69 236 -43 46 682 343 1067 542 321 -433 -804 296 609 308 -178 335 -417 -216 -20 328 -49 -821 519 -462 -304 159 -603 84 304 163 907 204 561 -874 -732 -180 83 216 -547 -193 387 -84 33 -323 -380 355 50 224 447 781 -664 -761 550 -9 -140 260 -383 -78 852 260 310 -446 215 245 -324 -835 -259 -182 -372 -219 276 31 -566 -132 242 -361 -564 510 477 512 647 485 303 -212 -730 -123 -229 6 407 417 390 370 -23 956 -126 574 -107 429 -169 -314 -148 422 52 308 -532 166 -190 -272
-210 48 -30 449 -875 488 701 -51 -197 -687 -301 -376 75 32 -301 93 32 292 -142 46 -263 -93 891 511 4 662 -220 546 -202 -180 897 -571 318 -415 -154 -327 -364 -186 -749 -555 -105 168 -222 -329 50 384 11 460 -150 542 383 -459 -416 -591 654 -8 -206 270 -406 978 1490 -159 365 -313 460 -456 -189 -250 -55 58 -345 244 -168 -605 -818 366 451 118 397 1005 607 322 116 -451 88 528 -395 67 -100 393 612 354 -314 237 -70 439 -986 114 42 -605 204 -239 -589 25 -371 508 -100 -381 88 144 -186 -56 -132 558 -226 877 -848 374 -653 -243 -403 912 -42 397 -3 -183 -268 -472
-27 -12 -188 73 -234 35 392 21 -605 384 764 321 834 -140 468 548 -422 -59 177 -88 -212 461 -477 367 -139 101 332 85 -234 -6 346 -212 -250 -93 275 -388 -86 27 409 -7 109 -112 -75 -482 117 -73 231 128 92 468 1161 419 -259 81 418 73 -61 275 335 -199 239 548 -223 86 604 393 -241 -589 29 33 479 424 286 -50 -347 -187 -554 -182 37 335 -102 5 291 39 -26 526 -803 -87 -294 -105 -97 -314 514 956 12 -266 -70 -365 71 17 276 -130 -159 236 -407 -303 -119 379 138 -46 -446 398 -145 -153 11 607 109 60 123 15 284 256 -115 -429 -225 -197 -329 64
95 -286 -439 467 -217 -323 45 252 498 1213 760 57 -318 -90 367 -133 768 -349 110 213 937 -58 567 60 285 -61 -158 202 -292 398 775 -328 -40 842 -7 -221 527 -82 216 346 -664 -740 -135 -152 215 205 699 281 697 -339 95 899 489 246 -38 36 -153 487 405 -841 242 -82 -443 -96 510 -580 28 -885 -265 -393 245 -597 2 -692 -218 626 628 764 288 -322 141 373 395 163 248 203 -16 -34 -270 443 199 377 414 412 408 -278 -385 1652 170 385 -908 949 210 268 -92 -222 -238 1031 -485 -162 -280 374 -234 -27 207 348 186 -347 -273 -57 666 -447 -734 311 -422 -189 129 -439
253 12 27 -536 694 -414 -19 -326 -270 177 -2 176 -61 85 533 422 -221 -1089 182 -127 155 166 -232 42 -27 -914 -38 -6 506 -49 -442 426 -296 378 -5 -317 714 -575 -42 331 1182 157 -711 328 -498 197 -418 130 24 146 -115 -5 335 216 333 269 -95 94 348 -260 398 -199 -98 517 547 -92 727 377 296 664 192 604 -336 296 676 -312 -9 495 -520 -880 -1239 134 433 -118 -671 346 -90 -368 87 -21 -354 228 -280 -46 85 243 104 55 286 -100 -243 350 -160 440 216 -127 654 -71 162 651 776 -8 60 -39 422 173 -531 -139 -267 188 263 -611 319 154 26 339 718 1100
-290 -405 -126 606 -667 574 675 207 -145 -720 -370 -220 -47 5 26 441 -705 -322 219 -57 -422 -193 -366 410 -436 225 437 -56 -480 -205 -181 -714 -234 -101 275 -40 -795 -588 -242 -341 -162 -305 707 -639 311 -67 111 -166 -58 625 -635 -436 -1210 -767 -463 -115 698 -240 -229 5 1140 574 718 -402 213 259 320 -293 -741 -543 -42 478 -825 659 -383 433 660 -413 -178 596 367 -36 -416 -1028 -588 292 -293 -292 -107 185 152 403 -873 104 498 251 -657 -759 -52 -501 334 -1023 -17 164 -543 722 -697 30 860 -261 -518 100 14 103 -185 237 162 122 329 6 -636 178 404 -136 706 -217 -575 -270
63 -146 619 -330 310 -193 192 269 227 133 154 -138 -368 -434 -748 352 -84 619 436 -170 -318 670 268 592 -8 -385 765 281 933 -96 -975 91 693 167 237 300 284 168 -241 -63 -69 176 -256 -239 -138 11 226 -64 -447 45 261 62 443 -111 -67 326 1 513 748 -188 -596 -17 -512 290 -610 47 -211 49 553 -687 723 -240 -149 171 224 -104 320 798 -163 -617 309 91 -594 130 -188 -720 -504 -127 -686 263 -20 271 -47 -118 314 -482 251 375 -413 -674 760 480 -558 21 497 -1042 -909 -590 344 1005 268 -193 17 761 -117 78 191 -111 -661 146 -143 -250 -837 122 43 -342 -359 -75
