tiempo: 0 segundos
instrucciones: 67616
340 214 -75 284 30 166 73 214 -138 -425 -291 -162 108 -38 125 142 213 -402 7 -343 432 -405 -133 -32 -163 -516 21 401 65 113 302 237
-216 -155 -24 25 -107 71 -152 -296 59 121 -137 109 86 164 50 88 396 16 -183 -19 100 -274 253 41 -284 -160 40 319 -63 -184 97 -86
69 98 -92 175 14 115 -118 -62 107 -269 -1 -26 128 21 69 -124 354 -97 -156 188 135 -274 143 7 -29 -232 200 390 -34 325 295 103
-107 -83 -48 8 -400 80 -148 -249 -413 -79 291 -128 45 86 10 272 52 52 -250 32 67 15 37 315 131 -191 -271 71 -161 -357 -276 198
-239 97 105 -203 -62 91 27 109 -25 243 62 -423 -16 17 110 152 304 61 -185 48 -165 -84 86 -64 -305 0 5 141 -161 50 -9 -15
-145 73 -3 206 16 138 -240 485 24 -338 213 69 -252 287 -2 446 113 -235 -195 -199 239 -70 226 -150 -205 217 17 -95 50 -378 -212 -122
-237 7 -61 45 -200 -199 15 -51 -348 -202 397 26 -170 -231 -195 -257 248 -217 235 88 96 132 208 33 -34 -35 1 -5 -394 218 -31 181
74 102 -148 58 -106 239 -284 190 -269 -231 53 -38 -73 -181 -25 -108 87 -255 -205 -257 545 -125 69 286 0 167 -4 153 -184 155 271 -124
502 7 71 446 -261 40 105 212 151 -527 41 48 179 245 334 174 -169 -100 -84 -40 336 -187 -243 -381 459 -641 -190 -127 -136 74 320 10
18 -35 85 223 41 -160 477 17 426 -686 319 151 -280 277 127 231 217 -100 -191 364 -44 189 262 -616 -131 133 77 -165 165 -148 -540 -241
98 -1 201 -259 101 -56 64 -262 509 144 -253 -25 308 412 -38 -125 -224 135 -258 183 -302 -69 -194 -89 233 -38 -132 -23 316 -243 -233 -256
-153 -339 -108 52 191 -443 -288 36 -200 210 204 -65 -69 35 -218 25 41 -282 250 -309 9 8 -206 221 212 -250 -303 -2 -202 -128 122 -114
-3 -44 52 6 -80 3 179 -164 10 -272 285 161 -97 -176 36 -161 -39 -258 -127 -49 -42 338 -160 -162 292 368 -125 -32 6 138 -225 107
-126 176 154 8 -412 66 -155 173 -96 44 168 -96 132 -89 -208 -30 61 -166 142 318 -113 -156 262 320 -42 -146 -30 109 -93 -184 36 292
-133 -55 -39 92 307 -287 -197 -187 -24 19 51 71 122 -13 50 -217 166 270 59 258 -113 -313 -112 153 106 -650 -210 3 40 -225 40 207
95 -4 -286 451 372 -323 261 1 115 -118 -219 -185 7 -78 295 296 191 -116 -508 -391 256 284 -453 -432 117 68 -441 14 230 -162 -413 226
-8 94 -230 -20 106 297 -180 241 154 295 -341 -76 -205 231 -291 -363 280 8 -307 -82 -180 -64 88 128 -529 180 136 213 4 -42 85 -194
155 131 -204 14 141 -149 300 230 37 -55 18 -270 195 -96 244 108 -261 154 -2 133 212 313 -84 82 -20 91 95 -16 -223 171 -20 -12
88 21 104 161 -106 235 460 -140 -140 -121 78 22 29 -374 505 -137 -84 -12 -216 323 164 -117 -144 45 -344 -319 52 43 48 129 -354 277
86 -114 291 -334 100 -171 93 263 100 32 235 -97 -281 -161 -63 155 268 -111 231 245 -96 -57 311 -195 -208 -108 10 -117 257 -475 12 -259
-277 241 -42 -70 189 68 -41 45 67 -169 16 -102 33 -41 -154 -5 104 -237 71 85 141 -284 407 50 159 48 175 263 156 171 154 -80
-250 -6 -71 17 280 -418 -171 -171 304 481 -282 -36 5 274 -190 -24 -225 -52 149 -185 -352 203 -98 -99 421 266 -252 214 -85 211 165 5
-4 32 275 161 -163 48 -266 -13 147 158 6 339 -194 216 126 -303 -153 153 153 -117 255 -317 -64 34 99 118 314 -282 34 -216 182 272
-36 -155 62 -71 164 -151 -87 -220 105 60 -98 284 93 -318 103 -178 77 99 71 -67 16 -49 -208 -186 157 45 -96 -71 217 -27 -128 40
121 179 196 -246 78 -185 -419 -186 3 351 -132 -327 163 336 11 -221 26 -241 -472 -585 -331 55 -627 313 -11 201 -128 300 -121 -217 9 116
132 301 254 204 -320 -412 172 -264 -235 -331 350 102 93 -40 -54 256 264 -400 -157 61 67 160 -161 -154 153 320 -105 -34 221 -381 -132 132
-422 96 -43 92 146 -146 -525 -22 28 315 -84 -130 -52 110 22 -84 -74 -36 -403 -363 138 89 -6 261 4 351 -216 159 -211 -186 -130 191
-2 137 151 230 -321 127 69 -46 -474 284 -189 -97 17 -195 -63 24 -11 -394 -181 -481 -273 95 -254 166 -442 251 -175 180 169 -31 -46 208
113 -201 -187 85 -40 85 -65 72 -330 -67 -265 -83 -201 25 -171 -136 234 122 -77 -232 168 -199 136 188 -522 12 51 -23 -131 -285 -222 -205
129 210 229 216 -376 -147 234 239 495 -57 129 137 124 330 -124 184 273 -344 244 173 -238 52 87 -275 -70 -160 140 101 30 -290 126 207
273 -6 -189 382 355 37 -11 -72 293 -349 -94 192 -88 89 108 -13 200 420 -167 17 -14 125 -308 -297 102 -310 -87 -109 -132 224 -15 137
92 -95 71 -241 302 -189 90 200 297 221 -8 -324 -339 115 95 -178 97 2 58 -126 121 196 -5 -261 -259 20 353 -72 8 157 108 -210
