tiempo: 0 segundos
instrucciones: 532544
-136 -233 -94 -35 -305 -786 52 -148 121 -109 -101 -209 248 240 -137 534 -74 -202 171 -222 -231 187 244 55 -97 -2 -588 245 -130 32 24 -4 -166 -199 212 186 -234 -74 -658 -265 -224 378 -208 251 42 25 468 -35 251 460 94 5 58 355 -102 -141 -313 -685 -109 182 -171 139 290 -24
-105 81 -442 -229 -142 -188 -6 -236 -20 -104 4 -347 -83 -164 -223 283 -365 -149 254 -231 -199 108 308 301 -548 -122 93 102 -52 347 118 10 172 -261 118 -174 68 -3 -190 -422 -238 -522 -187 491 -494 -336 105 177 -193 -5 -36 -52 -522 -35 -310 -235 -392 -565 136 57 -354 -288 249 59
-161 210 304 -161 -128 -67 78 240 -496 -70 -490 585 -328 -69 -216 201 601 -267 132 58 -141 -210 -287 107 -184 -255 277 229 395 284 -209 -103 -787 -91 346 4 -421 59 21 138 237 190 126 -91 -636 -251 -541 -574 177 -34 405 233 -364 14 313 593 289 225 229 -337 156 477 91 -209
428 48 527 -19 -190 46 494 352 -42 425 -350 -281 361 -297 184 -585 173 -197 -124 -174 210 90 -188 -247 -313 -336 124 435 215 -58 -595 -134 -256 72 412 -53 49 286 149 213 -30 -454 -321 -338 -176 -358 -795 -180 -175 -140 -357 -678 -63 -748 -194 113 319 -56 184 48 147 -162 -214 98
-425 -42 -25 221 -377 -302 431 -266 129 285 -141 110 -270 -142 12 -114 113 -111 -365 -87 -221 -302 -242 150 -428 -140 -79 44 -39 218 123 187 98 -55 -202 380 -300 246 -284 -379 -186 -192 206 -368 -240 -121 486 -107 88 41 -422 28 266 215 120 146 648 24 162 60 -343 -441 -39 326
-353 -83 -632 -229 -80 -234 467 211 -149 -5 7 149 -316 -51 317 -223 -161 91 -579 343 326 -463 360 32 -38 552 -51 265 -5 208 -410 8 74 -62 -192 -438 -124 -426 -350 -23 259 -458 -112 -383 240 11 32 -354 -383 -250 0 -380 379 -142 295 -24 -142 280 729 78 -432 -42 -167 338
130 -6 333 -261 254 -173 40 126 -20 -96 -137 -202 75 27 277 47 -158 266 136 -335 700 308 -69 -61 -229 284 -49 -314 140 -141 -578 150 42 -100 293 346 114 678 386 -66 -366 -275 -309 229 423 -634 -534 -71 -195 -693 -54 -344 150 24 452 428 232 61 21 303 156 -257 -31 106
466 -448 309 551 -305 284 -24 -42 15 -251 91 -75 -572 -546 149 -123 341 -144 -125 -410 -446 22 -104 -50 136 123 411 249 -76 -102 233 -35 216 -636 -140 -22 -313 73 238 247 357 -81 -541 69 -158 8 -253 179 129 156 25 322 231 180 -4 -123 -46 -435 137 -120 -396 68 -103 23
-961 -184 -457 627 -238 -35 319 -105 473 225 -253 -568 -115 -569 318 -73 289 389 -559 518 114 89 -271 489 -408 -17 473 255 209 101 -44 -27 -247 -48 134 249 323 164 -234 32 -82 -638 220 -552 177 -114 29 -618 128 703 38 -366 337 -152 569 41 -487 -318 180 70 135 -532 249 581
243 65 -155 42 -172 242 -79 16 304 266 412 -547 25 -90 413 -262 -425 250 -91 624 335 -473 -90 110 -57 66 -75 78 -32 255 26 -175 198 125 19 201 261 -302 -95 -11 -391 192 391 -14 -192 -438 -106 -44 403 230 -18 -99 13 -330 67 -5 -357 -44 -373 71 26 -202 333 183
9 -122 -420 -324 497 -108 25 -128 -180 183 -309 -423 149 365 769 347 250 -24 -161 291 180 -175 337 43 -336 310 -466 -339 99 82 124 -174 -526 -44 283 -356 352 76 -107 89 449 103 161 137 393 228 116 136 28 26 202 -65 -181 279 130 11 -171 -149 476 203 152 -203 340 559
248 -128 -258 -282 264 145 -556 187 136 -739 144 -256 606 167 -72 56 -275 215 234 100 361 358 548 -269 339 -419 -113 -634 -330 -358 -252 -87 296 494 -196 40 -151 302 87 354 -102 412 213 461 -315 63 178 39 -365 -443 -53 218 77 -460 -26 82 -238 418 8 127 -567 682 -44 -206
-565 176 -12 209 -35 214 318 433 268 222 293 667 -75 22 -77 -164 200 40 -391 383 385 33 99 362 -1 136 265 16 -82 -166 295 -225 -157 -186 -634 70 -300 -597 -419 107 176 139 467 -365 -40 168 223 -369 -269 -195 -229 -204 -157 -512 365 -234 219 149 120 -226 -10 623 -352 -346
328 -597 -188 -206 -122 399 -396 -66 -157 -297 93 -272 617 -128 -412 503 118 68 117 150 0 -160 -159 -134 -274 -633 -229 3 -244 -373 311 -294 394 106 -250 127 265 -128 -228 -268 265 133 -431 -132 185 173 51 -12 245 -100 -379 -273 194 -172 -55 478 57 -91 -230 320 146 36 661 336
61 -124 -576 77 12 -8 378 -305 205 192 206 -261 190 -251 187 271 134 -36 459 -3 140 62 451 62 -62 326 -229 18 -361 -47 176 87 506 -140 452 651 302 -7 262 43 -269 -319 -46 384 -81 -158 401 -515 178 -53 -135 -188 -145 -53 594 -330 72 -421 -114 189 -85 103 230 -26
-194 292 84 -282 109 -70 143 -26 162 409 -303 296 -112 114 -186 372 132 -146 55 317 -94 -261 -71 151 217 163 -312 309 -291 132 2 -291 -190 -124 152 92 164 -154 -95 64 281 211 136 18 -161 -32 189 -67 131 -279 185 87 -348 215 -79 -273 459 212 -68 -290 -284 433 -213 -61
159 -263 154 375 -340 24 232 -127 125 -56 504 81 93 -471 243 -529 317 -213 138 -386 -424 196 32 519 207 -171 165 251 -451 -8 465 -124 104 53 330 298 411 357 384 79 117 -166 63 466 145 -116 35 233 404 583 -9 78 390 137 -237 -378 -5 -126 -73 219 -223 -610 -4 559
-240 -79 158 -270 -781 -192 376 -246 376 -193 313 453 53 282 247 238 62 107 172 285 -348 51 295 -361 258 582 -469 40 69 132 447 -3 50 -36 -497 -315 -54 -74 -129 275 220 -12 -410 459 -299 25 326 38 -367 -482 607 39 112 -88 200 -208 -235 -279 117 274 97 159 -263 -671
128 198 150 -235 141 202 -12 -5 349 64 52 -729 -91 -201 -292 293 -242 330 -9 37 -108 49 -166 61 -63 -350 473 -170 139 -220 -52 -485 489 -394 -158 -156 163 -51 4 -11 -189 230 -67 142 158 -374 -210 337 80 322 -33 0 538 -42 -458 343 10 -318 -220 444 -642 -484 358 159
72 -178 855 469 -189 191 -10 268 591 -66 -326 388 23 136 -669 76 -181 -57 645 103 -453 562 18 -172 -197 123 156 21 329 -191 -145 196 -206 -477 -109 -202 -214 45 -74 -751 -177 128 -51 -292 -227 -173 -215 280 321 -389 -19 706 -39 -386 -201 323 192 58 -586 252 102 218 -233 -489
-337 -358 331 304 33 -444 254 -227 -169 -232 409 9 -342 -208 -134 526 617 -78 -306 -51 239 363 -170 -340 -125 -140 -166 63 306 52 323 -299 -315 -271 528 436 269 118 469 -70 637 -238 -400 -14 -613 -279 19 -145 376 -46 -269 263 -203 -278 -142 -457 -78 191 340 -342 -224 324 3 184
228 -456 -538 131 -204 466 102 -14 -516 -59 -248 163 56 246 776 -19 418 -81 -247 473 -28 -31 -102 73 298 368 131 73 -83 -151 505 6 -47 322 -258 -152 -152 83 -9 263 393 -234 276 -105 10 203 -512 235 299 161 601 417 114 273 360 -220 -307 -204 233 311 321 -53 -70 -231
484 66 72 3 393 -119 -35 -520 -373 255 74 -81 80 478 -96 43 -240 -527 449 -164 174 103 607 -237 181 292 -437 341 109 -307 72 -376 -49 79 587 59 288 -229 257 -570 -225 145 103 -368 130 -260 -213 28 183 115 -482 -165 -533 92 705 23 480 197 -221 260 100 319 527 -78
245 43 -178 -436 135 430 103 -101 -33 205 571 268 371 -193 57 -28 -546 170 15 -416 221 -367 226 -305 794 -663 -289 99 166 -225 8 387 527 -42 115 555 154 175 400 99 -424 239 130 359 -298 -54 16 -258 293 -178 -26 -361 -199 160 200 -19 -315 -4 -23 -236 5 132 238 -197
-174 -256 -280 107 -375 -498 -125 -40 -305 61 -342 -159 -341 609 193 444 492 -682 37 -433 -163 31 -395 337 -163 -33 51 -18 96 -69 -24 38 25 104 107 145 371 205 -103 -50 174 -295 -123 -174 384 422 -119 271 126 104 158 89 229 603 -118 -243 80 62 46 -321 280 -392 581 18
80 -342 -203 144 -949 390 309 -700 -183 -19 -503 398 -6 -27 15 350 -49 -404 -65 -405 -454 417 28 27 543 477 -443 -85 -601 -339 215 -4 123 -502 137 -321 -242 86 21 206 -368 -278 -453 90 280 -325 30 63 -398 110 281 54 -19 613 609 -77 -160 -302 -342 11 -28 4 -40 -92
-176 20 301 121 -2 -370 694 -392 92 207 -331 -78 132 -63 475 -32 -34 72 -295 311 402 206 100 -585 98 270 39 171 109 -613 349 -113 -334 -187 158 340 198 407 74 -25 -381 5 -169 -211 -151 -1083 66 -113 -3 131 -226 255 462 -308 117 -173 343 122 183 342 -95 20 24 346
77 -111 127 -45 -490 741 -540 -139 217 39 55 339 -82 31 -325 -152 -415 -49 226 -157 -85 142 329 -59 184 338 131 438 -117 -481 319 -420 -361 -447 -121 -295 -247 82 -172 279 -219 260 313 771 127 -473 -59 269 -206 458 -114 242 47 451 516 209 -599 -113 -434 912 -62 -2 388 -380
-220 -114 -9 79 -10 261 91 -157 -148 -300 -176 331 -71 483 220 -225 -17 -539 31 -197 -129 789 296 92 178 76 9 29 -91 -211 40 -232 -867 -358 -109 -419 -153 -78 119 265 53 -221 62 385 53 69 -259 -48 -366 318 248 301 -49 -296 239 225 -138 66 -85 353 236 246 -148 -67
335 35 594 550 179 181 279 -98 520 400 -114 619 -361 354 -261 107 -354 136 -597 -223 -549 189 269 -292 159 40 -229 -103 70 238 35 -143 88 -589 -534 212 -261 -349 628 -244 -131 147 341 -12 322 66 -147 320 -205 -521 -161 278 -562 -358 -138 613 473 223 -632 -138 -186 -159 -148 145
37 -409 -126 161 -321 578 -138 256 89 22 106 305 -414 -17 -83 -148 544 -250 -120 525 -320 -442 -89 47 -313 78 607 222 289 293 597 -178 -263 -531 -551 -148 129 -328 -510 -99 488 -109 341 -299 -476 532 -262 -79 244 112 131 157 -157 -235 36 29 -37 -103 220 245 388 58 384 -22
553 -51 -183 202 146 5 91 25 357 130 264 78 -52 -91 -29 -186 140 -403 -166 -218 -344 -165 689 66 -61 31 -70 -34 -401 401 -189 -41 665 77 -65 -109 -40 -338 42 85 70 -422 299 -223 78 467 -20 -431 -391 24 -125 16 13 -320 70 -12 177 387 -296 -460 -223 -90 -260 237
427 -11 -333 488 132 204 333 114 512 56 -512 -53 -109 -231 604 80 -91 193 -365 229 -549 149 -191 -162 -178 82 495 -225 -295 228 147 255 292 -330 -153 55 68 327 30 -44 -239 -394 -351 -120 188 48 -255 408 47 -152 -31 429 281 -90 -825 -214 -102 -686 -147 31 -284 33 -122 -401
374 -231 470 -24 -91 -5 -62 17 190 -636 253 121 -28 496 399 60 99 -250 -201 35 58 65 9 157 -89 51 -262 -213 -201 287 205 -296 -86 -149 -298 252 663 286 681 -2 -116 -124 -39 440 7 -432 65 183 -230 -301 461 381 60 58 -4 257 50 59 -24 -85 261 44 292 102
1044 175 -143 270 299 301 274 342 336 448 156 -112 37 685 195 -4 103 -635 -4 -156 -580 -33 334 -409 801 -59 98 -356 -313 124 105 180 521 -235 -203 -60 833 -21 491 -301 -305 -40 164 -503 88 212 146 467 -236 -521 -77 -164 -255 -433 -310 170 753 257 -81 -544 329 347 43 281
115 -51 -251 -43 43 7 232 180 -267 141 -68 -157 60 -11 117 235 441 -258 210 80 21 365 -616 -86 -421 -54 83 1 -19 -250 -39 -54 276 306 -176 -70 -111 -285 -41 99 150 -608 9 264 616 427 -360 -78 7 -18 77 280 389 -141 -247 125 172 -275 -516 145 85 46 39 -108
-368 -36 -224 -86 -8 -110 84 69 174 -126 183 222 -3 154 -202 727 66 533 80 33 84 18 130 124 410 -52 -61 -234 313 37 -50 408 218 -352 215 43 330 80 -236 -72 20 248 28 -110 54 437 144 -123 102 -64 0 160 -146 70 124 -123 -48 -257 -29 -338 18 -61 -559 114
-714 -26 24 -76 386 -477 264 33 -192 -31 78 -20 293 -340 646 215 292 21 -173 -244 344 82 81 314 -418 -371 -386 -171 -296 -236 162 -201 -368 -280 286 307 331 761 815 -269 -232 -223 280 -226 -547 -537 369 -180 -383 -146 32 -267 -276 -8 812 -204 189 133 608 127 -125 396 -143 179
-552 238 497 -341 -73 -34 -93 -105 155 -141 118 -84 -212 -532 131 -392 -348 -456 -134 -459 -126 100 275 515 222 -249 34 64 -268 21 13 -600 66 -404 -575 -256 -707 -637 271 -295 -162 252 -393 -89 -474 -267 76 -202 -244 43 309 -56 399 190 198 394 -521 -406 116 -318 -494 -169 273 -238
350 -452 347 818 -240 172 164 167 289 -279 -284 173 19 149 144 113 395 14 -465 -165 -344 193 -261 -289 -57 49 494 -52 273 285 87 -11 106 -279 -54 -132 372 265 -53 221 -145 -841 -212 -240 -166 79 -173 164 -668 -164 -43 441 -110 -428 -75 99 91 -59 45 -339 22 313 -637 17
64 -15 256 290 -820 -15 401 186 -514 481 -32 62 -111 -255 476 411 -76 144 -48 86 -460 180 -76 443 214 443 -438 185 33 26 -180 -264 42 -412 -24 -84 162 73 189 -82 216 53 -803 71 575 -529 119 -19 334 92 375 -476 521 96 -204 -130 -20 -285 130 383 -15 -734 -255 74
-336 478 656 195 750 190 -236 -176 68 -167 -131 440 116 -433 424 -250 -168 435 -393 -63 -115 150 546 -137 426 -542 -31 140 -153 238 -52 -26 -33 268 150 306 -415 -13 617 -247 405 189 -459 -51 -244 -113 -67 -164 -21 -111 -217 11 -72 100 1 433 -250 216 61 -354 -399 186 -40 293
100 -120 289 232 -276 117 344 186 -244 -73 379 -192 440 -56 -374 -274 -80 296 341 269 23 75 79 270 252 279 190 232 910 -55 803 -270 -529 85 521 388 275 -125 -489 -279 -277 407 293 90 -548 -631 94 155 841 268 -146 -188 -377 -274 200 -192 316 -21 216 289 68 -107 63 50
-234 378 52 180 -298 77 -29 -414 24 195 240 -100 -567 -102 375 -512 -153 -7 -309 457 344 -109 198 -241 -115 348 66 2 169 -140 202 61 -412 -495 -135 95 292 -189 2 195 -24 127 233 311 -187 -543 353 105 45 7 169 -125 386 -298 160 -480 362 528 186 490 69 -340 149 196
352 -54 -11 228 17 391 113 -373 286 364 35 -20 67 -90 187 239 198 -10 4 242 -347 -231 77 -545 -313 -147 -233 100 -185 -65 168 459 65 -582 242 -261 530 24 -41 60 44 -375 -202 248 271 -255 229 -1 148 174 -144 38 87 66 -266 -578 462 -70 -424 520 407 -251 -83 340
102 -298 231 274 -119 235 -443 -140 -19 -417 52 -248 212 196 -210 377 182 236 322 69 409 639 -246 -88 -426 -67 -197 39 -193 129 -520 -145 -116 254 511 333 -108 222 -185 234 146 -98 -697 250 313 -388 -204 -514 -183 -93 -279 -136 141 163 109 580 36 135 -756 380 0 14 590 461
-146 -395 -612 -58 156 -2 -158 110 49 -256 357 -293 -29 53 -164 218 -266 -13 105 185 353 362 285 -88 408 244 49 -829 -26 -299 49 102 -48 -161 31 418 163 452 5 125 -665 558 -32 -127 -106 -266 602 -419 146 -192 408 63 113 -449 -253 149 345 367 -40 -137 -486 246 -198 -19
-306 107 900 -142 317 -171 348 258 226 -132 -41 210 -187 388 -499 95 -61 162 -181 201 50 50 -188 -328 59 183 160 433 183 39 -312 -458 -338 -53 -280 -143 -372 0 -51 -399 171 -98 -362 -192 -113 -526 -103 -93 22 -571 68 321 53 -139 -436 679 178 225 -30 -6 79 448 -255 16
-176 -41 28 192 265 173 146 475 505 -792 89 477 -134 -150 -704 146 -181 283 -237 -919 -324 -243 -156 242 500 -227 467 -159 201 72 182 -418 -110 -321 1 467 109 -319 144 329 139 -95 814 604 1 397 -386 547 -234 -184 -459 -50 -156 3 248 -76 -137 446 240 -387 -466 835 -335 -216
393 153 -187 -498 -109 28 -470 320 -158 -150 -272 -156 -54 -59 -205 -229 13 -620 236 -68 -6 -136 76 141 -28 62 -311 230 -263 -209 -117 -358 113 4 -149 -402 -46 -44 -358 486 459 362 147 113 68 86 -330 -244 -352 -48 138 -194 -117 -138 95 -191 -52 275 -69 -20 -239 -89 188 -77
662 77 268 -2 184 -6 111 13 -10 -287 -411 165 296 138 -12 -445 -434 -185 270 -347 -119 338 110 15 10 -320 263 -116 319 37 -175 395 -179 42 -158 79 -104 622 -186 -30 -652 96 -73 -460 -737 207 -178 323 -161 -174 218 246 -190 -112 -226 -153 813 210 228 -80 -220 446 75 -144
-36 -743 133 312 -72 70 -321 -91 540 -495 -291 -5 -207 95 281 95 491 -187 -167 234 -96 155 -454 153 -178 200 95 -381 -457 225 -38 102 377 -129 -649 -7 187 -261 -19 472 39 -355 -135 -176 328 26 -579 -475 -427 -439 618 -128 -167 -259 330 346 253 180 -347 259 70 262 -324 204
93 -105 850 -30 -88 -640 -21 46 152 -36 -30 346 -20 155 160 -870 68 -22 -94 -227 -133 34 256 -558 402 214 -479 380 -88 140 4 160 89 -41 98 -62 -202 98 376 251 -162 411 78 -417 -489 38 89 -106 -40 -196 736 755 22 -426 146 94 -233 801 179 -313 51 371 -524 32
386 -88 291 269 56 281 -137 -27 253 295 -77 331 36 39 68 190 145 -83 78 96 -57 189 -49 -108 146 -148 94 -166 -192 -116 -126 5 61 305 89 372 358 571 941 -58 45 229 91 -252 343 -113 -490 205 249 -29 -64 238 282 -160 -121 312 187 398 -210 29 -34 13 193 68
-254 281 133 24 301 -273 -126 354 152 -228 27 -199 -48 -292 -288 -208 -131 79 99 121 265 183 -326 324 -212 -440 115 -104 67 -69 -60 2 611 24 229 384 235 100 -84 -239 -208 -20 314 -635 -255 -103 319 -417 247 -148 -138 372 322 -207 -81 59 180 130 -231 -361 -172 503 -97 124
189 329 438 523 -94 176 313 -360 -91 215 281 93 -335 -124 472 -118 217 -180 -349 190 -697 639 162 -373 359 206 365 106 237 130 238 1 -99 -203 150 -52 -91 -60 313 99 149 16 -786 -180 -203 -74 295 -178 319 -247 217 342 385 -73 -280 18 -50 -100 237 -365 -134 392 -115 -534
366 -320 97 127 2 94 -5 419 190 10 -74 -298 -358 217 396 -187 493 -136 135 284 -287 214 -63 -195 -105 144 402 -59 -154 -58 -247 559 198 -112 -394 -277 -26 169 72 226 531 -154 144 -287 520 106 -475 98 -138 301 347 -30 -57 201 -236 389 152 -288 -212 288 621 -419 82 533
32 -116 -148 170 380 -30 -170 56 145 125 -583 -17 -20 191 46 480 139 -325 376 -250 -328 -56 31 233 -312 256 537 -543 -388 421 324 49 -93 -6 109 100 119 157 368 -156 -259 -63 3 190 -39 70 -308 320 -3 113 376 364 59 134 -205 -8 -27 -344 -14 -240 83 -278 184 40
-291 265 501 -67 91 -104 297 -44 625 -191 -171 148 402 -126 334 -286 -634 -65 -311 194 -59 751 533 138 -103 -345 -569 -126 0 -334 -160 -166 -5 164 -577 -442 -231 -145 186 -653 -88 -505 -457 -76 104 -200 -57 -172 -307 -400 -419 -98 -14 -414 -116 555 -520 -212 -244 -185 -86 180 -239 -711
277 114 132 500 49 356 132 227 20 185 556 90 59 174 -279 -177 104 -194 180 144 110 343 -276 -148 436 544 446 27 257 107 576 -254 144 390 -242 21 105 5 -220 -15 26 -339 -191 224 -242 -119 -26 190 -155 -357 -461 -51 -389 -416 -116 -318 498 -208 -121 118 18 -82 -173 -76
-623 -163 -90 334 -188 265 361 -527 402 290 438 -601 136 392 434 256 -11 611 71 433 247 417 -30 24 171 482 -2 273 -69 -386 38 -421 564 145 36 744 43 32 243 -135 -530 214 10 -261 293 -85 122 13 512 -385 60 480 370 -11 481 1 -666 132 -359 143 -334 -59 625 -77
-98 162 64 369 303 -438 -367 -88 -2 13 150 -225 -373 -425 -1 -13 149 -98 100 300 -23 390 346 -273 232 97 38 3 -138 300 -112 288 81 125 -35 -155 -185 26 68 -425 223 26 -211 -419 -588 103 30 49 222 -143 4 25 -486 -377 50 -209 273 217 355 -425 -319 261 -354 -137
-727 -90 -108 64 183 -305 238 404 -40 -767 -442 55 -129 -379 461 549 -187 131 -87 -233 18 285 -447 289 40 99 -297 -160 -219 260 -459 17 -459 -45 204 -167 -410 38 -155 -25 428 -395 -466 228 159 -377 -441 -86 -254 -184 -13 -37 8 552 180 -132 -413 -23 -54 -323 -526 21 -147 149
-73 -203 44 129 -573 378 -11 -384 75 -54 374 736 -788 -270 -559 96 -115 -669 237 -72 -416 -408 278 126 350 863 -98 339 -200 630 388 -151 -42 79 90 -672 -255 -625 -134 -13 462 -297 -483 424 -132 -326 -306 -294 -73 295 312 94 -512 559 63 -388 -461 -435 -311 -199 0 -463 -74 -14
