tiempo: 0 segundos
instrucciones: 4098
-184 222 161 239 174 -107 211 -399 -354 -26 196 -112 -78 -18 135 -108
149 -106 -71 194 116 -294 3 6 80 376 24 -67 91 48 5 21
155 41 -121 141 51 -187 -91 115 81 -120 -58 -37 73 120 0 -6
53 204 106 333 -67 -142 192 -40 -90 -3 142 76 114 284 -41 38
-160 -238 38 86 -168 164 -236 37 119 -157 -237 -200 -43 -188 219 78
-51 -53 -373 -332 61 149 218 220 -56 200 -164 -18 217 137 205 256
-313 245 -34 -322 363 39 233 -181 -296 -247 127 -48 -113 -119 -15 -89
128 101 -355 -181 -242 16 176 192 -63 -74 -200 70 -115 -103 11 162
-8 -120 -80 -419 -68 277 -193 -8 57 -85 107 11 109 -146 -113 -108
23 -346 34 149 -194 195 -326 42 203 -18 -301 -178 180 90 296 24
26 89 -30 -227 161 2 -17 48 21 -141 167 136 -64 -107 -160 -30
227 122 -169 -377 -579 320 120 250 29 -81 -5 380 -124 3 -222 -3
-130 397 54 120 110 -131 184 -267 -278 -110 149 20 -134 -66 57 106
79 173 -532 -99 241 -144 130 161 -174 -76 231 81 210 7 194 282
65 302 26 -100 62 -152 146 50 -4 -124 237 334 -16 132 -244 -63
207 126 -172 -188 101 -52 -54 231 168 -43 75 174 77 -166 89 331
