tiempo: 0 segundos
instrucciones: 532544
-289 -234 -36 295 -124 -271 376 337 -127 -19 -414 -152 145 387 342 -775 -82 -55 431 176 332 459 31 424 379 170 -28 -180 369 -99 -9 -81 470 -300 329 -591 -448 -347 -449 -316 -43 -1 138 -320 -200 -14 -86 163 -126 -132 -39 -101 373 50 195 -103 565 -274 51 74 -30 235 413 278
517 188 -97 312 -282 -208 -454 132 -449 0 354 475 -247 421 -35 -94 -21 295 565 -41 32 -103 349 199 32 204 -283 547 299 -141 -484 237 -710 -507 274 -125 524 430 -217 -468 -175 -613 90 -5 -60 581 118 -4 -19 -21 615 -33 214 -84 5 142 -71 -375 -55 -129 -143 -151 307 -239
63 173 127 144 158 155 232 -210 -20 -241 -130 343 384 181 101 319 -131 74 -6 -148 582 270 39 -242 -196 -237 -69 438 -534 364 -4 12 -536 -216 -350 -277 292 129 393 373 -214 -85 -100 123 -176 467 227 -97 -152 -424 337 13 240 -298 -377 -141 -183 -163 -14 4 -368 255 -169 -135
239 -559 -231 38 28 -361 -359 412 -315 237 -55 -520 78 -260 -316 553 407 -88 -766 186 -405 -276 1 98 -87 -150 360 -356 74 -178 -99 -47 192 74 266 42 -380 -22 62 -106 11 -120 -633 -58 562 10 -99 -10 70 542 -32 -139 -316 223 18 127 -25 108 -280 -395 454 315 539 -516
-588 -242 16 -240 -78 455 -193 -288 -33 -1 201 -128 82 277 -480 -12 -534 178 260 6 724 402 -303 40 -120 -169 191 -396 -396 -130 -248 -42 -418 -460 -109 366 -84 10 594 112 131 -549 540 580 -145 642 58 124 -91 -169 13 423 252 -6 224 184 165 -75 74 629 251 -299 16 -413
-144 -323 197 750 174 -342 -86 -415 -314 -278 53 142 169 653 111 -97 302 -501 250 397 -40 483 -185 35 369 -49 -61 216 335 141 -143 130 -101 -116 -124 -324 28 -64 221 161 122 -145 322 -26 454 -5 203 -285 58 88 -312 -146 -235 -676 -144 654 -93 -235 396 -375 -141 -213 14 100
-329 106 53 -186 -79 559 -268 289 -65 -339 46 -165 -10 -322 -117 -210 -105 -162 -44 72 87 -87 132 -440 257 269 -210 -212 -205 -112 -475 -121 -227 529 101 -334 -43 -143 -211 250 -257 217 276 27 106 414 63 112 -133 -315 496 163 110 125 200 -56 -136 197 309 -150 -107 209 -119 -365
283 -377 51 -368 229 40 96 -92 -265 -46 -169 -656 368 -350 161 169 -155 353 -872 -71 -221 -221 -179 -333 -99 -207 -223 -206 -116 -272 46 -265 -300 285 338 215 172 426 187 406 -12 387 -135 -193 -187 -185 -598 29 28 -441 112 437 -119 110 -333 233 -557 443 -146 98 -28 -57 -479 -591
221 77 -243 -130 583 432 56 -301 -63 65 -160 211 343 -139 -334 -158 -216 -500 427 -15 237 85 -254 181 27 -154 184 496 -327 -142 -363 -163 -871 15 269 -263 252 -122 -150 303 -171 127 249 -158 103 737 -73 10 224 -344 197 -196 559 375 -233 359 -774 98 -197 -216 -314 32 27 11
95 584 -528 64 234 616 -279 950 426 610 -125 244 212 814 -154 114 -144 -500 -9 64 -81 -44 -29 -176 -217 592 -343 236 -270 414 -153 -652 -26 84 -308 -25 -152 307 -6 144 -184 167 -411 -164 -436 289 437 431 203 -94 316 -457 28 319 -140 -529 -59 303 -142 -402 -92 -240 207 563
24 -267 11 226 -6 -149 102 12 -131 -209 116 -44 -183 -47 56 -197 -197 -368 763 -294 13 349 -58 -49 -102 -155 216 288 539 -265 69 386 -689 -468 250 146 129 -175 58 -14 -104 -235 4 591 286 -372 306 10 -424 -6 -336 -176 179 -79 47 348 -5 8 -202 -200 369 88 -613 -1
125 -226 -231 -189 404 -50 -518 128 -106 217 -366 -288 349 108 -351 130 293 -524 -317 106 289 759 -177 -125 42 -48 241 -120 30 -761 -438 -31 -195 -204 364 136 -552 -32 215 631 -74 569 -434 151 120 -413 202 51 -136 274 -189 -89 -181 -140 748 306 -731 513 -202 -343 381 -162 -226 -238
-18 -158 -270 388 185 -281 -129 33 -244 102 -81 -470 266 176 108 -246 50 -280 -147 306 -132 -375 -227 -558 215 208 -81 334 -345 -365 -482 -335 -214 267 254 -82 -299 387 -55 442 134 54 314 -240 -161 597 -81 251 32 -53 37 -147 -24 -174 -502 277 -910 -102 -54 -474 -642 -58 -36 -180
-127 -395 163 -230 607 145 -231 -108 -400 -192 543 -158 315 -344 -46 340 391 89 137 -207 -193 -248 -279 -718 280 -6 -199 622 -322 315 76 128 -623 318 71 -118 222 -36 -259 77 27 -456 498 386 -178 210 252 490 176 35 525 -185 -385 -257 53 -149 -41 239 159 -108 -251 -155 253 -28
-320 166 429 -46 -153 -185 -459 -422 173 32 23 -135 -253 293 -122 1 63 323 305 52 -129 -504 -245 53 -309 -189 73 281 36 588 403 -237 106 -29 163 -215 286 533 200 44 292 -351 364 -250 -165 104 -172 264 294 73 137 66 -152 282 -230 -302 -391 -136 -9 156 -192 -261 87 -625
-124 -527 -181 82 171 183 226 -280 155 141 -116 -110 384 -3 278 201 85 248 -639 211 -498 422 -225 -322 64 306 -474 -360 144 -363 445 53 -508 76 272 189 197 -224 75 -67 275 -379 322 122 272 -541 180 -18 132 -143 348 -17 491 466 -263 -313 -51 -145 264 133 239 -12 -257 -226
15 152 24 355 178 -23 -88 82 94 -21 -482 -149 48 -78 -143 -144 -886 -47 -487 47 -113 66 98 34 -11 57 118 69 293 329 330 232 226 107 -41 -57 -29 439 253 176 -161 505 -422 -405 -195 -624 -413 41 82 -454 -314 83 1 -29 109 -292 -401 419 -227 -9 -343 -253 -512 393
-588 143 -149 528 575 -16 122 -226 1 -250 112 -10 -374 488 -322 359 108 -114 -289 235 382 -141 -697 240 -92 -311 398 -119 282 268 555 492 227 254 -694 81 357 -133 244 235 601 -125 186 -437 1241 -201 -393 -571 181 443 -120 -6 168 73 -614 118 184 -76 118 -150 303 -100 267 233
-29 56 -334 -196 -57 178 -438 689 -17 -140 -526 199 220 -147 -532 -102 -486 127 -444 199 482 392 4 233 86 195 94 -765 30 -183 -669 37 310 -214 65 144 -168 -16 474 258 -36 -190 -406 -21 -81 -88 -117 -201 -134 -158 298 33 -162 -468 132 -347 190 -226 -162 41 -55 189 49 65
360 101 0 512 287 -124 -259 -365 -89 -243 -410 -161 241 -754 71 -252 -534 8 -168 223 379 196 -676 -408 192 -143 105 -248 -280 -121 -2 -159 -95 306 156 -976 262 -294 -46 228 27 125 124 -658 -136 328 -392 233 -71 -145 149 -68 307 -95 -352 -232 413 -502 427 34 -152 28 -216 366
-250 -105 -503 -185 -236 -163 175 64 -308 -62 -544 428 213 -233 -134 -779 337 0 350 438 241 120 -307 -77 -125 597 225 -28 -263 -939 395 -319 221 284 734 -310 -379 -402 -238 -74 -137 -76 520 -285 -215 413 -418 -25 255 -272 92 -53 512 -351 349 356 -621 8 -273 382 -415 -459 328 -523
-70 -99 -187 272 342 -36 -334 154 789 193 -743 -78 506 201 -462 211 -140 -254 448 128 217 44 -367 228 -443 -758 421 -496 -305 301 818 -19 -275 -186 120 45 305 -243 220 94 -349 130 -27 195 246 129 -28 559 339 102 -106 79 148 303 181 -238 -194 -93 -454 179 14 -116 -385 13
-349 -123 45 601 163 159 -341 47 -173 11 0 363 46 844 -7 279 -11 -235 202 293 -236 7 320 176 237 42 -354 -19 27 80 195 234 -431 72 -114 562 123 -83 325 -29 -91 -427 464 410 -70 31 500 62 216 235 -173 -272 -199 -130 279 142 -370 78 -165 101 78 -394 103 83
-511 27 -404 -61 -313 529 -107 -11 823 -687 -155 16 477 -152 -65 387 -182 -27 358 254 293 -157 121 -145 -165 -2 385 -39 -287 158 63 -8 193 167 44 183 102 361 260 -789 402 -475 103 258 -462 -30 105 137 -194 -674 -165 -306 211 89 -120 -23 -365 189 -17 231 -94 35 -83 3
-111 589 -185 -151 -276 -106 -186 274 -250 -235 -268 87 153 181 -413 -69 -34 -66 -108 -145 -162 -276 -636 353 -371 246 -131 52 -15 18 -60 -172 101 -67 101 -179 118 448 -93 119 202 -404 228 94 -253 267 48 -399 517 63 -65 -345 217 61 -506 -219 -84 297 -341 11 -143 39 341 -168
-20 -211 409 -120 128 54 161 -195 182 -489 -186 50 239 -497 -561 -151 -278 -158 611 516 -23 -727 -362 -318 343 -563 168 41 101 241 22 71 -289 447 55 -897 -290 30 -381 389 184 314 137 -238 177 640 -564 541 327 -25 339 535 262 431 -505 -27 -153 251 -286 -268 -269 403 -39 -702
-90 -417 66 -427 86 -171 -111 128 517 326 377 -93 -135 -456 34 -115 338 58 574 12 -321 -273 47 313 -341 -221 613 -580 274 697 -181 -237 642 -115 97 -190 -486 -367 182 -438 65 69 -106 69 130 42 90 618 -513 364 32 395 -234 498 -15 -203 834 -382 131 45 482 95 190 166
80 -143 233 243 -10 -273 270 -290 -201 34 235 146 -407 -299 -432 -164 110 -269 -580 -219 -309 -768 145 -295 323 254 -112 -149 -514 183 -356 -40 98 57 -4 -86 -122 5 -578 -102 259 -56 235 3 20 266 36 -369 180 739 -21 -408 112 -147 190 -820 394 33 381 -57 -411 214 587 653
179 -443 -41 -6 104 -369 307 142 -163 -540 -94 -381 384 -414 245 51 -95 -514 210 -496 -109 93 -17 321 -203 -419 376 132 80 173 329 54 -375 -46 73 -261 420 -100 -343 -560 -444 -87 -481 252 120 254 106 567 -562 -317 -233 77 -89 362 -114 367 416 44 -65 68 61 -192 44 95
-161 -662 11 -435 615 -406 -101 62 116 544 44 159 -339 -117 312 -132 175 -143 -84 -178 206 -438 99 -35 -333 -302 48 -379 12 56 -37 -179 159 30 -115 212 -512 -503 654 382 132 491 150 -15 331 192 15 184 -3 570 -43 634 -235 -23 237 -185 350 -271 -240 -173 27 -7 -196 108
215 336 3 -340 413 417 249 -301 -93 -256 228 -125 158 331 -334 135 571 -157 -270 207 179 460 290 -170 803 -444 68 574 243 -381 -276 36 223 -367 77 289 -67 109 19 125 167 123 173 -225 249 -21 244 7 59 -66 219 128 103 -192 160 -192 -512 117 169 -348 -255 -40 142 -71
193 391 99 -88 70 -172 -455 115 214 386 -225 161 -195 281 321 43 -165 -142 306 -36 -93 -530 -372 251 -510 85 -149 197 -241 380 182 -344 389 160 -206 -180 384 392 -52 -165 143 25 26 -92 -418 1 -129 123 84 -290 -502 -156 -442 75 -493 520 96 43 -73 -131 171 127 124 260
104 558 -296 17 -114 100 200 227 -258 25 236 -110 -15 -123 109 119 -577 -327 -472 -265 222 283 244 -162 -66 0 119 271 -331 136 -432 -24 -15 -363 -404 11 -207 -89 137 152 -305 -491 -590 -11 -408 -82 307 -273 -490 34 -286 -278 -259 -30 106 -194 148 120 -405 199 550 -137 273 277
246 166 12 -7 283 380 -629 520 224 111 -20 -234 -215 -292 -475 178 -255 362 -219 -223 -330 -129 340 -94 -35 133 -311 84 -203 -99 39 -17 -184 336 -28 401 409 -10 -321 -234 -121 -290 64 445 -24 -496 216 129 443 -14 419 -336 153 224 207 -1008 -246 -154 26 -57 -257 -245 -286 -111
-112 -144 -153 -70 652 320 14 386 -278 -202 352 -185 -494 667 -26 -400 -92 -177 -267 239 -154 -365 435 60 536 -131 -379 -288 -64 101 81 -61 -35 -336 318 1201 28 -218 344 69 -74 -11 404 463 258 -235 82 139 372 -57 335 -333 -300 -160 123 -304 161 -293 -279 19 -154 190 437 -230
-17 -140 -127 350 -48 376 -290 211 -76 -571 440 -273 170 -166 -111 100 -156 122 -402 -231 -135 -672 -90 -253 -309 88 -254 557 -51 39 124 -154 -413 267 -595 -325 7 -558 -453 164 -255 -257 79 277 -300 146 237 -324 -179 -513 627 8 -361 -388 -95 -506 140 113 615 197 -183 -12 352 152
116 4 -317 40 154 455 32 -315 215 431 200 -472 552 298 -328 492 286 -70 -314 95 264 125 -270 -388 -163 6 54 -179 -12 244 -386 -624 157 -147 -32 37 -133 115 24 144 112 466 -306 -85 258 531 122 -44 -27 68 -196 534 331 117 -167 203 -433 196 -56 228 -441 93 -210 24
-328 -286 230 -263 359 114 -63 -92 542 -381 -26 195 131 -611 -350 88 -103 170 -512 187 -260 -159 -307 1 33 -51 -129 -230 -160 -251 434 -57 293 -23 208 21 -289 -635 -233 -102 361 -222 81 -29 98 -714 181 41 360 32 358 -110 -58 496 128 -635 -116 -198 -162 -56 -83 -12 124 -318
-27 -259 -177 34 -596 197 434 -130 302 -404 -63 -6 311 203 250 47 -24 -358 -10 152 16 274 189 283 -253 -39 166 164 494 -203 823 436 -371 -82 -71 197 773 -194 221 -216 -83 20 -117 -136 704 -160 219 -111 -220 -79 37 -187 -152 469 -174 445 -242 -57 -219 502 305 94 -373 -425
-246 -121 138 512 579 182 199 15 84 -68 119 -447 45 -211 -739 302 -275 -60 -684 185 -298 -331 -18 188 135 -272 -333 -515 286 147 -216 -114 -148 320 -149 108 -96 -205 446 297 235 126 -59 -305 394 -414 84 129 253 70 530 511 312 809 485 -650 -196 4 17 96 51 -357 -55 384
195 199 -71 600 -470 -424 -25 239 -182 55 -198 515 -320 528 104 -44 -320 -85 -212 -334 -286 -242 729 175 75 376 -456 -104 218 -58 184 46 -218 -233 440 208 278 393 -41 -602 110 58 -74 251 -463 -118 326 -239 76 261 -258 -252 207 -53 283 -493 -168 124 -62 289 -131 -195 -219 95
159 -470 -416 182 -37 14 -174 -254 438 670 1 27 182 346 188 110 437 -270 -14 350 -161 -223 -92 66 31 -53 401 -53 -12 -159 426 309 49 -182 -164 376 115 -423 3 162 147 136 131 61 42 -283 467 -265 193 3 3 -386 -266 -101 161 -48 121 -391 314 311 389 -58 247 925
200 412 -367 -72 -163 78 -124 -15 629 -399 93 499 6 -412 -210 484 118 -432 -478 505 -112 -130 7 -96 -173 124 305 -64 196 -435 279 415 319 258 -308 -262 -58 -232 96 -239 285 -147 -653 -197 425 -135 198 -182 207 49 -62 -248 70 333 -247 -282 136 -61 -332 -236 50 236 250 -68
-458 232 -106 -25 -153 379 226 -450 316 -77 -57 -87 9 -263 94 164 246 -432 382 455 -512 216 -16 -202 -24 323 537 100 386 233 -11 -486 470 118 199 -122 -126 21 0 156 31 82 -353 -209 283 -448 -19 -106 -342 -415 -268 -140 355 104 -517 415 -156 -49 90 -477 93 362 136 -64
-314 -628 187 603 440 -397 -87 119 10 -75 -13 -326 -165 0 212 199 -441 235 -711 -114 -153 -72 -189 -393 -325 260 -335 -188 -291 380 158 -394 -818 423 -144 195 297 -43 306 99 213 -295 386 542 139 -205 123 -41 150 -87 136 -124 209 36 -363 -149 -219 -203 213 -74 -157 -405 -430 -363
-135 392 321 534 -653 -307 354 211 -82 -120 -323 629 60 -187 -373 333 124 -111 -110 441 -59 458 325 -346 52 499 510 74 -57 22 -115 92 498 -25 93 -335 -116 171 -50 -116 -374 162 -283 2 -193 -186 -81 -270 44 -131 -379 -361 150 -522 -198 -141 383 276 -55 72 -168 -354 -110 168
-49 -61 -169 160 -619 -51 814 -15 -194 97 -448 -5 498 52 -297 567 106 204 -267 337 288 364 -12 26 -54 -142 715 -103 192 -118 244 12 -10 -367 -72 134 269 -186 589 386 -53 220 54 -228 -49 -8 -76 -214 -308 -145 -25 290 254 -181 120 -26 74 329 101 716 681 -332 -323 406
296 226 -113 183 -129 -281 668 132 -397 155 -41 108 266 442 -290 -387 68 -81 -112 357 303 -260 290 519 436 -18 189 270 6 -116 302 190 323 -493 257 4 560 193 -8 291 473 413 -15 -1045 274 -807 -105 -103 83 151 163 -200 -182 128 190 -316 -416 119 78 513 110 -98 -218 721
-2 -475 -463 -522 464 416 107 402 -691 -97 382 -303 -324 -20 419 -390 -104 -215 317 -220 161 -304 -145 -180 138 -68 -40 148 -25 -239 484 45 -264 -275 298 379 -47 -146 354 -24 24 -622 -44 216 299 231 14 131 66 157 274 -240 249 80 406 15 489 -246 -231 -159 96 209 484 -508
433 -162 93 18 247 -312 248 -224 -305 -302 589 -439 -153 -102 185 -39 -141 221 -408 -255 307 193 307 253 -353 -289 -178 95 -138 -145 -131 -735 -66 -550 268 61 -109 -107 323 -494 33 2 219 11 -45 293 18 38 158 295 -112 -75 733 612 597 -361 -163 -337 -252 -101 -287 -170 -13 -435
-360 -184 -111 -162 284 38 -665 74 293 154 141 170 -413 201 56 190 451 -293 -24 384 -42 40 -247 126 103 -121 -41 -71 518 5 -94 -318 388 -12 72 -210 -352 -747 -283 -72 -122 323 -33 119 497 96 390 231 -14 163 -398 107 -101 -212 119 466 154 -158 -345 -690 334 395 582 -516
-255 141 225 264 -156 -258 -532 2 504 242 416 -143 -52 136 -116 454 645 117 228 124 -469 -14 -159 -657 -561 61 502 -107 -548 771 98 -327 178 84 -73 -164 89 -99 -4 -353 -349 -307 -5 545 -141 251 283 126 -410 562 -90 226 -223 -394 -28 12 318 19 256 117 -263 10 -251 255
1 150 -247 -229 9 -68 -466 216 -212 -110 -140 -184 -31 -297 78 -164 -156 -65 -95 178 -264 201 293 -150 394 -186 -23 -235 -106 -257 -342 -25 113 131 356 51 -180 153 -399 9 -290 -38 66 466 -519 -9 28 -5 32 14 -463 82 2 -368 365 305 -410 116 -315 -233 430 303 89 -589
-73 -302 401 149 68 -52 -312 385 354 553 110 79 -150 48 -27 113 239 162 334 215 -122 -24 -135 -27 -258 -114 138 171 -563 -152 -48 -47 10 254 -300 -155 -160 -113 -124 40 -277 149 164 291 -91 151 345 339 -109 146 -74 196 -123 347 41 162 265 33 136 -78 239 -266 -380 -15
-98 -184 430 -120 -282 4 827 345 -225 82 241 319 283 415 12 183 25 234 228 -447 125 -453 -153 -190 572 397 -373 282 474 44 -575 332 47 -747 -354 20 27 542 -387 88 525 -127 -342 8 -26 -274 443 261 -435 -179 277 -32 -609 -182 -850 95 683 118 184 -227 -197 253 348 423
37 -17 -218 -553 26 -126 -91 288 -304 378 277 -29 -183 20 38 -204 244 152 53 -187 278 -237 -27 383 -12 -264 1 320 -193 234 -185 -98 201 -203 -127 147 -107 478 -159 185 -215 374 134 -170 332 394 -272 -90 583 32 156 -123 -613 -83 52 243 -59 220 -410 67 -102 -50 575 -457
-279 364 384 -373 -396 483 -183 -275 -36 10 265 323 -282 -80 -550 312 142 228 -300 -233 287 -176 -168 133 -428 32 -29 -203 -30 221 -112 -587 587 -140 -78 -79 -140 94 246 -455 461 -236 26 -124 -95 140 -243 -62 2 -208 -5 551 339 50 -156 -227 188 160 -37 221 -120 305 413 -238
217 -351 -52 260 -420 729 292 -50 -160 -32 230 105 98 -71 66 -127 218 274 86 -219 -420 -263 321 213 324 526 -353 195 -136 -31 19 190 -98 784 181 -96 397 -372 -530 -569 -64 -277 513 -267 -439 691 -112 -660 -281 235 378 -227 12 -147 -12 168 -19 -122 1037 552 134 49 381 109
-665 -482 0 58 228 884 -170 -204 433 206 -449 612 -14 -124 86 -131 -243 -142 181 -96 -28 -229 -15 179 -109 378 -253 305 -15 -164 3 410 -71 708 -67 -9 158 -226 -208 -226 92 -338 493 331 8 150 249 -128 182 -308 -7 -84 189 24 -67 93 -311 239 112 38 -487 -63 106 -69
-535 -213 74 603 -782 206 -36 -170 145 -560 69 -17 9 -275 -13 -89 -271 426 -25 -47 106 16 -236 -309 -89 -43 89 544 100 -183 282 295 -566 170 -767 -476 20 -340 -298 -205 -243 -566 693 226 188 426 94 -231 -116 -206 295 -37 100 -341 -193 -37 -101 -46 324 262 -325 -142 45 -446
-169 -68 320 380 -582 -596 103 -171 -60 107 -549 -47 -167 -18 -499 -171 -599 253 -411 607 -256 230 300 221 -161 492 43 -40 -16 -133 109 -64 -17 149 -168 67 -142 63 608 563 209 -214 54 -435 -105 -490 -517 -323 -38 12 236 225 307 -151 218 -385 -48 -129 100 259 66 -244 -183 72
-58 -155 105 523 224 289 -172 -45 307 -14 437 127 -76 714 124 457 99 -127 -285 -239 78 104 77 16 -299 -138 -333 37 -86 156 328 -95 -248 -191 60 491 -293 13 251 -357 43 -48 173 512 -293 -131 396 -488 427 -46 -67 -270 -263 238 396 -44 -113 216 69 237 -33 -297 206 41
-25 -456 448 234 -574 -508 111 172 -68 450 120 131 -191 -352 -612 66 -276 256 183 13 -412 -581 -93 -69 -422 519 -110 285 225 -21 -98 -221 -324 161 11 -110 508 194 -38 -40 380 -340 303 -66 15 -23 -235 333 104 62 -24 392 239 86 -2 84 -280 19 -201 63 86 -549 -308 -304
132 159 161 -461 284 465 361 470 -544 -46 -55 -65 -147 -189 402 -234 120 331 133 -340 -53 206 170 381 275 325 -583 -327 98 -102 -73 -67 0 101 466 312 271 -137 -106 342 -257 -53 -258 -126 42 -126 -194 -407 -295 -252 656 149 88 171 263 231 426 155 182 373 98 143 222 -299
