tiempo: 0 segundos
instrucciones: 67616
190 196 401 59 54 334 -225 -37 -147 -116 230 86 -115 -169 -272 -167 6 9 8 -182 -404 -85 -31 30 -165 -75 -410 -9 -28 -77 -454 27
287 -288 -174 146 21 -278 -91 300 -156 78 -135 135 -503 -198 229 -46 395 26 -4 136 -142 395 32 36 -102 -275 -76 175 131 30 100 -283
33 -8 -113 -226 295 -281 239 14 -134 -16 260 -166 -205 -135 -16 -75 -102 298 -86 149 59 8 358 376 -426 33 20 149 157 188 -145 -57
182 -13 195 -649 355 -85 204 -73 99 340 -31 -195 234 172 -7 -144 -26 50 33 -60 3 -41 216 133 -161 189 130 87 59 149 -129 303
-234 21 187 417 -98 74 -229 -125 -178 -271 24 -200 -297 -20 11 45 -50 -5 15 188 -114 -110 216 -113 -3 -143 -277 -9 10 311 -240 -99
-300 -188 179 -22 -190 -206 44 -400 15 279 -229 -70 -49 -352 272 351 62 282 303 -368 97 -172 -17 200 -99 396 -469 -176 -8 -40 -37 132
68 -278 -108 -28 114 -177 147 -15 178 214 250 -312 380 -151 172 75 -126 -38 -58 -177 -93 127 -31 81 -40 181 228 301 -113 -196 -208 -56
181 70 182 59 240 210 -122 -166 25 -59 -218 -16 -76 -81 122 -11 186 -288 -54 -21 -110 -126 8 163 -202 133 214 118 -99 -409 -317 -229
248 -13 -44 114 -231 57 -57 -384 33 426 -7 2 61 58 279 49 94 207 235 -169 29 -267 89 -72 -116 -387 62 353 -296 232 -123 -91
-562 -321 -102 -143 240 -167 30 -78 228 234 42 275 112 -276 245 -160 -264 433 -80 54 -142 113 -251 8 292 169 180 451 238 122 -98 -445
53 -3 -153 -281 197 -204 -45 61 -218 -141 336 -89 -20 122 93 -62 -376 142 57 -164 -153 490 118 313 95 371 -246 -93 25 -111 25 0
-329 -118 136 179 48 251 211 -71 -5 215 -224 337 280 -372 63 257 -18 253 -46 -205 -112 -147 -118 -343 171 -57 376 374 0 -10 60 -397
-137 519 29 -53 -22 229 -225 -60 -329 107 -71 326 154 -191 -245 388 -87 442 -39 17 -48 8 5 -143 -44 -168 -17 92 -254 26 256 -34
10 67 -521 -282 169 -272 -64 142 -22 -58 12 109 8 64 -13 242 -37 148 121 -104 193 410 -10 194 -58 166 44 -68 -168 82 408 -196
45 -151 107 169 -102 374 -240 76 223 -23 -343 62 221 -201 33 -385 401 -149 -189 199 -146 -595 98 -455 288 -494 68 390 -113 399 146 -55
-19 -105 -131 517 -157 44 -244 379 -169 -59 98 263 -261 330 32 -13 -257 77 1 101 -121 428 -106 -430 -54 -614 212 283 152 203 59 -184
241 -240 -139 -162 271 386 326 355 305 -102 114 -123 397 -90 -124 -118 -42 -231 -170 -233 -82 -123 -48 -327 -38 -18 -55 -68 17 110 -115 -249
246 366 -3 -209 35 58 23 -182 -138 114 111 -12 332 -187 -144 398 -193 -103 3 -160 -11 -76 -229 126 -370 132 150 -173 -353 -373 56 161
-109 -235 -92 -33 -249 -28 -123 239 -92 125 -102 97 30 -147 15 44 67 34 108 139 210 272 236 -48 182 -127 49 159 27 -143 525 -204
242 64 71 -267 167 -183 157 131 179 -29 135 -93 41 135 41 13 -520 116 -167 30 -403 219 200 79 -110 20 -114 306 28 513 -71 -332
-103 153 -99 59 -268 -40 -60 182 -26 15 138 318 -149 49 -179 -92 150 336 -253 240 445 -129 -21 -222 -82 -448 247 156 130 214 387 352
-64 -311 14 -186 75 -75 40 78 147 211 -39 161 -20 -315 -167 -31 0 -249 -33 120 134 -156 -118 -129 -159 -151 100 17 134 -37 8 129
78 -223 62 106 243 346 -68 42 369 269 -396 -37 -124 18 -209 162 266 -540 67 243 497 119 34 -383 41 -223 238 59 -125 -139 315 -307
210 -304 59 -191 353 -466 -306 -227 -96 363 61 -384 -119 -44 338 98 -308 -9 72 -244 -94 89 -255 -54 -15 117 29 359 66 -454 -427 302
-482 109 -105 86 -80 -94 -245 -282 28 60 50 244 195 -226 258 308 -353 429 4 -85 -305 96 -515 67 179 180 -248 20 -233 312 -55 -166
-101 337 39 5 174 328 -11 65 -153 -425 166 198 101 -23 -152 -435 203 87 -359 71 -192 -434 12 -252 23 -192 317 36 232 -21 -442 257
-139 -261 -156 82 159 144 219 174 -4 36 24 121 415 -573 -137 239 106 143 -110 -121 -46 -313 -1 16 -270 139 -95 82 41 47 -89 142
-250 -88 58 -197 -132 -163 -165 -117 221 272 14 54 5 -434 -82 230 160 29 152 76 223 -47 -14 -431 -195 -350 25 -163 110 284 -98 -22
561 -68 -32 -388 -4 -18 122 -132 63 -32 346 -468 -131 -203 -66 17 130 -183 283 -300 423 18 288 356 -629 97 -363 -338 -206 -236 52 -131
153 -138 -157 139 136 392 -212 317 227 -185 -249 13 70 274 -6 -374 103 -485 -19 370 43 169 64 -321 245 -272 298 129 -21 -71 475 -289
-350 399 218 167 -96 -4 195 -200 -312 3 -78 -104 316 -21 -10 285 -232 187 -243 343 -255 -153 -223 343 418 419 150 72 -392 -37 155 20
491 -87 -234 -411 90 10 552 339 205 57 135 37 110 -6 -257 -273 66 -223 -81 -113 35 102 446 191 -577 -13 75 -9 22 -2 143 -330
