tiempo: 0 segundos
instrucciones: 4098
-265 -82 317 244 -277 -143 -149 -168 -297 155 -191 -109 -394 -107 258 238
74 -187 -145 147 135 1 -210 119 -17 -151 142 -43 -42 -36 14 -109
-268 46 -45 42 -191 -153 170 124 -27 56 -245 -116 -219 -77 196 156
147 -80 -74 51 111 -380 -205 23 -227 -139 -13 -334 76 -132 296 176
-102 -55 65 247 -147 66 -74 111 91 155 127 -95 -142 -18 -16 -52
18 -167 -156 53 71 107 -268 290 -68 -94 26 110 -31 177 -109 -38
396 -225 79 77 164 87 -141 67 24 119 19 -117 -132 -86 -37 56
255 -53 -281 -313 279 -214 18 352 21 -66 76 -180 214 -23 -18 41
160 -188 121 86 154 118 -253 309 -176 21 106 152 66 169 -277 85
-48 -107 42 -30 56 -204 -85 60 99 -88 58 -265 120 -254 96 27
-9 -129 125 46 15 83 20 106 -6 66 172 16 -103 -42 -134 -181
123 -41 -164 -131 249 56 139 -147 47 156 58 -86 -42 -245 -231 -8
118 -125 -106 -145 65 -173 -89 348 25 -90 196 -118 93 -143 88 -66
4 -57 283 1 -37 -52 -164 192 -128 179 242 140 -39 96 114 162
-66 -141 -196 211 -86 93 -89 61 69 -16 119 132 -93 -110 274 -76
-307 102 25 120 -6 104 -46 -359 -102 61 -92 99 -205 168 -194 61
