tiempo: 0.000999 segundos
instrucciones: 67616
-560 -163 -78 -136 -94 72 -39 -35 216 -111 -77 140 -170 -57 -200 19 -134 -117 -203 -20 -11 -169 194 11 -352 -1 281 -238 27 259 -15 -99
325 9 9 -97 303 370 25 -53 -76 -45 256 -316 -139 92 -51 -14 1 -7 -132 -91 172 -372 -112 -59 389 -93 159 306 -102 6 -359 -364
95 90 -121 133 136 -106 -265 6 199 -134 220 -150 -59 229 -281 0 -33 124 106 303 13 505 93 221 -60 -85 43 -139 -40 70 53 -56
31 -64 -375 175 514 -17 121 219 -226 -106 470 -113 20 120 181 -106 -84 83 204 -459 -249 -259 -340 6 256 -116 148 -218 136 138 -117 28
286 -105 198 -401 -120 -104 -33 -170 -240 -85 -173 225 -278 294 126 -103 209 136 44 38 -80 -228 396 72 41 277 -134 -365 -100 -141 68 -243
-239 14 -64 308 94 344 -291 -237 38 60 -90 54 152 268 -7 71 334 -208 -21 15 143 167 434 -15 188 -296 -187 -81 -18 37 -162 85
-130 -112 -163 144 88 307 96 11 122 -166 178 -235 57 -189 -310 35 -308 236 -159 -170 223 238 260 113 -191 -278 470 -134 52 412 -146 -302
33 -75 51 48 99 216 67 -60 95 -182 274 -403 86 125 286 -176 -184 -169 231 -6 -481 -47 -331 -174 341 68 -195 -92 -139 244 -17 -120
218 -347 68 50 86 315 -8 -291 -124 -71 59 543 -172 126 -154 61 460 394 -162 177 -125 -246 -198 108 -411 -123 -31 92 7 -216 123 40
153 266 199 -163 -233 -195 -131 69 223 -106 -126 236 107 -75 118 -123 -22 -301 278 -45 12 113 -117 -148 57 97 -110 76 -79 -349 373 274
248 97 -247 -144 -4 7 288 222 285 418 -188 -196 -87 26 65 -217 121 -47 441 -86 26 -82 -239 -77 -25 187 -14 -38 140 -10 11 189
3 123 24 371 -87 144 -415 -148 53 -21 -68 412 15 -102 134 374 187 -134 70 54 -208 -64 -279 34 -70 129 -164 -221 -189 -45 171 263
54 276 -104 -295 -231 -365 -19 532 -14 5 147 -354 -274 15 -151 -147 -79 485 17 -137 240 232 -60 44 225 151 172 182 80 -73 -273 -167
136 71 392 -265 -267 -103 168 -80 -176 -57 -9 -134 -150 79 -33 38 -105 127 69 217 -8 18 94 63 -114 -236 18 145 -58 78 130 109
59 322 42 -336 -346 -319 -269 308 -25 -209 -210 -87 -196 -26 -182 10 -151 263 324 -162 190 111 205 -163 293 414 214 -141 -36 216 -213 -263
-167 -1 37 -187 -81 20 -102 -75 -105 -34 -79 75 15 -332 -451 153 28 145 -131 36 481 123 187 46 -494 28 114 289 73 22 -122 -314
-56 -79 -371 -97 111 79 218 -121 146 297 -125 -393 432 -181 3 -121 87 -216 124 -172 78 -47 23 53 94 92 -243 317 58 -111 -284 -192
-147 220 428 -39 14 120 139 64 150 155 -276 -99 -351 16 -19 -137 -178 -38 -89 -168 150 69 -129 -132 -40 -128 314 65 -225 55 76 65
133 -97 -130 18 -140 -124 -124 112 -130 -206 80 318 -121 -100 117 131 -56 180 261 -146 -83 254 -119 3 -138 55 -5 -61 211 -192 -41 277
70 -91 -126 235 244 412 -26 -109 -75 -48 273 -117 137 -99 203 -137 -52 89 6 -330 -140 117 82 47 344 -179 -321 196 -289 -7 -262 -215
98 229 -281 309 -73 -13 17 377 -312 -297 -35 98 -91 -234 212 86 -249 362 418 -523 -96 -96 249 -142 329 208 -273 -330 57 229 -581 -224
-716 -233 -97 11 198 153 -321 179 -546 -132 256 282 -48 304 320 141 -287 -121 17 -233 352 -176 160 -92 138 -149 127 -44 -117 339 -206 52
36 239 -302 171 38 -44 188 67 17 37 -414 -79 94 -400 374 137 -95 -124 565 -543 -160 -248 -145 77 155 194 -267 -121 -101 -152 -404 93
-95 36 136 136 -471 21 -152 115 -12 27 -216 16 -150 -139 -110 77 14 208 71 87 14 326 -32 -190 -221 20 -72 120 165 45 -12 207
-205 125 -293 252 -141 -59 -86 387 160 -48 -259 -286 -92 -70 171 214 -582 -126 425 9 -98 189 257 -269 122 111 -200 -182 267 76 -313 29
241 -78 34 -16 218 200 171 -34 -71 139 121 -197 225 69 -181 -124 -20 114 -99 147 218 -164 -42 289 63 -124 216 188 -262 86 122 -149
-33 343 -88 41 92 -162 152 49 -252 213 -106 -110 -107 107 -187 -59 208 382 215 -189 144 166 94 -98 228 -35 -233 221 -100 155 -433 -65
-7 311 -106 -104 -291 -245 34 82 320 -267 7 -41 209 -273 -316 231 154 -58 -41 -75 -118 274 8 307 -311 160 244 -432 -1 -246 370 46
79 -16 -67 125 56 40 15 -18 -96 -307 -168 87 -268 -3 151 91 -185 -243 289 -173 -63 -25 67 -115 -33 91 95 -250 42 -162 -206 106
238 -111 -216 -338 -66 65 -262 -175 245 47 -4 -66 54 -251 -73 114 280 -267 -356 -332 -12 -344 -250 291 2 318 39 -130 330 -336 -21 -197
-122 -86 142 91 -235 275 -287 263 -363 68 -27 587 -126 41 310 305 -169 -86 -259 64 -27 -322 283 -295 123 -43 -180 -153 -54 386 387 416
508 -155 -77 535 491 359 263 -62 -141 -91 196 106 -116 102 111 -200 -44 243 46 -85 -216 -287 -107 -157 262 -239 -148 4 71 32 -225 -165
